function_type; change_tv
 change_tv_list; list(Age_K_Fem_GP_1_a_1=c(-0.00210683652478899, -0.00147949996643825, -0.000895183728426702, -0.000368233785828418, 0.000183636494722697),
Age_K_Fem_GP_1_a_2=c(0, -0.00210592811138905, -0.00146952151486102, -0.000895210899169114, -0.000322347829154712),
Age_K_Fem_GP_1_a_3=c(0, 0, -0.00210824238936602, -0.00147372387764653, -0.000870597438791023),
Age_K_Fem_GP_1_a_4=c(0, 0, 0, -0.00213753285914259, -0.00148121746126425),
Age_K_Fem_GP_1_a_5=c(0, 0, 0, 0, -0.00216420025567862),
Age_K_Mal_GP_1_a_1=c(-0.00210683652478899, -0.00147949996643825, -0.000895183728426702, -0.000368233785828418, 0.000183636494722697),
Age_K_Mal_GP_1_a_2=c(0, -0.00210592811138905, -0.00146952151486102, -0.000895210899169114, -0.000322347829154712),
Age_K_Mal_GP_1_a_3=c(0, 0, -0.00210824238936602, -0.00147372387764653, -0.000870597438791023),
Age_K_Mal_GP_1_a_4=c(0, 0, 0, -0.00213753285914259, -0.00148121746126425),
Age_K_Mal_GP_1_a_5=c(0, 0, 0, 0, -0.00216420025567862))