#V3.24f
#_SS-V3.24f-safe-Win32;_08/03/2012;_Stock_Synthesis_by_Richard_Methot_(NOAA)_using_ADMB_11
#_Start_time: Tue Jun 03 10:47:59 2014
#_Number_of_datafiles: 3
#C data file for simple example
#_observed data: 
1971 #_styr
2001 #_endyr
1 #_nseas
 12 #_months/season
1 #_spawn_seas
1 #_Nfleet
2 #_Nsurveys
1 #_N_areas
FISHERY1%SURVEY1%SURVEY2
 0.5 0.5 0.5 #_surveytiming_in_season
 1 1 1 #_area_assignments_for_each_fishery_and_survey
 1 #_units of catch:  1=bio; 2=num
 0.01 #_se of log(catch) only used for init_eq_catch and for Fmethod 2 and 3; use -1 for discard only fleets
2 #_Ngenders
40 #_Nages
 0 #_init_equil_catch_for_each_fishery
31 #_N_lines_of_catch_to_read
#_catch_biomass(mtons):_columns_are_fisheries,year,season
 0 1971 1
 200 1972 1
 1000 1973 1
 1000 1974 1
 2000 1975 1
 3000 1976 1
 4000 1977 1
 5000 1978 1
 6000 1979 1
 8000 1980 1
 10000 1981 1
 10000 1982 1
 10000 1983 1
 10000 1984 1
 10000 1985 1
 10000 1986 1
 10000 1987 1
 9000 1988 1
 8000 1989 1
 7000 1990 1
 6000 1991 1
 4000 1992 1
 4000 1993 1
 4000 1994 1
 4000 1995 1
 4000 1996 1
 3000 1997 1
 3000 1998 1
 3000 1999 1
 3000 2000 1
 3000 2001 1

#
21 #_N_cpue_and_surveyabundance_observations
#_Units:  0=numbers; 1=biomass; 2=F
#_Errtype:  -1=normal; 0=lognormal; >0=T
#_Fleet Units Errtype
1 1 0 # FISHERY1
2 1 0 # SURVEY1
3 0 0 # SURVEY2
#_year seas index obs err
 1977 1 2 339689 0.3 # SURVEY1
 1980 1 2 193353 0.3 # SURVEY1
 1983 1 2 151984 0.3 # SURVEY1
 1986 1 2 55221.8 0.3 # SURVEY1
 1989 1 2 59232.3 0.3 # SURVEY1
 1992 1 2 31137.5 0.3 # SURVEY1
 1995 1 2 35845.4 0.3 # SURVEY1
 1998 1 2 27492.6 0.3 # SURVEY1
 2001 1 2 37338.3 0.3 # SURVEY1
 1990 1 3 5.19333 0.7 # SURVEY2
 1991 1 3 1.1784 0.7 # SURVEY2
 1992 1 3 5.94383 0.7 # SURVEY2
 1993 1 3 0.770106 0.7 # SURVEY2
 1994 1 3 16.318 0.7 # SURVEY2
 1995 1 3 1.36339 0.7 # SURVEY2
 1996 1 3 4.76482 0.7 # SURVEY2
 1997 1 3 51.0707 0.7 # SURVEY2
 1998 1 3 1.36095 0.7 # SURVEY2
 1999 1 3 0.862531 0.7 # SURVEY2
 2000 1 3 5.97125 0.7 # SURVEY2
 2001 1 3 1.69379 0.7 # SURVEY2

0 #_N_fleets_with_discard
#_discard_units (1=same_as_catchunits(bio/num); 2=fraction; 3=numbers)
#_discard_errtype:  >0 for DF of T-dist(read CV below); 0 for normal with CV; -1 for normal with se; -2 for lognormal
#Fleet Disc_units err_type
0 #N discard obs
#_year seas index obs err
#
0 #_N_meanbodywt_obs
30 #_DF_for_meanbodywt_T-distribution_like

2 # length bin method: 1=use databins; 2=generate from binwidth,min,max below; 3=read vector
2 # binwidth for population size comp 
10 # minimum size in the population (lower edge of first bin and size at age 0.00) 
94 # maximum size in the population (lower edge of last bin) 

0 #_comp_tail_compression
1e-007 #_add_to_comp
0 #_combine males into females at or below this bin number
25 #_N_LengthBins
 26 28 30 32 34 36 38 40 42 44 46 48 50 52 54 56 58 60 62 64 68 72 76 80 90
40 #_N_Length_obs
#Yr Seas Flt/Svy Gender Part Nsamp datavector(female-male)
 1971 1 1 3 0 125 0 0 0 0 0 0 0 0 0 4 1 1 2 4 1 5 6 2 3 11 8 4 5 0 0 0 0 0 0 0 0 0 0 1 0 1 3 0 3 4 2 4 5 9 17 8 3 8 0 0
 1972 1 1 3 0 125 0 0 0 0 0 0 0 0 0 3 0 1 2 1 1 6 2 7 4 10 10 4 5 3 0 0 0 0 0 0 0 0 0 1 3 2 4 1 3 1 4 4 7 3 8 11 4 10 0 0
 1973 1 1 3 0 125 0 0 0 0 0 0 0 0 0 0 0 0 7 3 4 5 6 3 10 12 6 10 9 0 0 0 0 0 0 0 0 0 0 0 0 0 3 0 1 3 0 7 2 6 7 8 5 5 3 0
 1974 1 1 3 0 125 0 0 0 0 0 0 0 0 0 2 2 0 1 1 1 4 5 3 8 8 10 4 7 0 0 0 0 0 0 0 0 0 1 2 0 4 0 0 1 5 6 6 4 6 15 11 5 0 3 0
 1975 1 1 3 0 125 0 0 0 0 0 0 0 2 1 2 1 1 3 0 2 5 6 2 3 5 9 10 10 0 0 0 0 0 0 0 0 0 0 0 4 2 2 1 2 3 5 1 4 5 13 11 6 4 0 0
 1976 1 1 3 0 125 0 0 0 0 0 0 0 2 1 0 2 2 0 3 2 3 3 3 7 18 14 4 2 2 0 0 0 0 0 0 0 1 0 0 0 0 0 1 2 4 6 6 5 7 12 6 4 3 0 0
 1977 1 1 3 0 125 0 0 0 0 0 0 0 1 0 2 0 2 2 4 0 2 6 7 5 11 7 8 5 4 0 0 0 0 0 0 2 1 3 0 1 3 3 2 0 1 4 5 3 7 7 9 5 3 0 0
 1978 1 1 3 0 125 0 0 0 0 0 0 5 1 1 1 0 1 3 1 8 4 4 6 5 9 8 3 6 5 0 0 0 0 0 0 0 0 2 1 1 2 1 1 2 2 4 1 4 1 13 9 6 4 0 0
 1979 1 1 3 0 125 0 0 0 0 0 0 0 0 0 0 3 5 2 1 5 0 5 5 2 7 4 7 5 5 0 0 0 0 0 0 0 0 0 2 2 1 3 2 7 2 4 4 5 8 10 8 6 4 1 0
 1980 1 1 3 0 125 0 0 0 0 0 0 0 4 0 0 1 0 2 4 3 2 3 2 3 16 11 12 4 2 0 0 0 0 0 0 0 0 0 1 4 1 1 2 3 5 2 6 3 1 10 11 4 2 0 0
 1981 1 1 3 0 125 0 0 0 0 0 0 1 0 0 0 3 1 2 2 4 5 2 7 3 13 9 8 4 0 0 0 0 0 0 0 2 1 1 1 2 2 3 3 1 6 1 2 1 7 5 10 6 7 0 0
 1982 1 1 3 0 125 0 0 0 0 0 0 0 0 5 2 1 3 2 3 8 2 5 4 4 6 10 11 0 0 0 0 0 0 0 0 0 0 1 0 3 0 2 1 5 6 1 8 5 5 10 5 2 5 0 0
 1983 1 1 3 0 125 0 0 0 0 0 0 0 0 0 0 7 1 1 5 4 2 2 6 2 8 13 8 6 0 0 0 0 0 0 0 0 0 0 0 4 1 0 3 3 0 4 9 5 4 7 8 6 6 0 0
 1984 1 1 3 0 125 0 0 0 0 0 0 1 0 0 4 3 0 3 1 2 5 2 4 7 11 9 6 8 0 0 0 0 0 0 0 0 0 3 3 1 1 3 3 3 2 2 4 4 8 11 4 5 2 0 0
 1985 1 1 3 0 125 0 0 0 0 0 0 0 0 1 1 2 2 5 0 3 3 5 11 4 8 9 3 2 4 0 0 0 0 0 0 0 0 1 0 1 2 0 3 8 3 4 3 8 4 13 7 4 1 0 0
 1986 1 1 3 0 125 0 0 0 3 1 0 1 2 0 4 2 0 0 4 2 8 3 5 11 5 6 6 1 0 0 0 0 0 0 0 2 2 0 1 2 1 3 4 2 3 4 6 5 5 6 4 6 5 0 0
 1987 1 1 3 0 125 0 0 0 0 1 1 1 1 1 0 2 1 6 4 2 7 6 3 5 11 9 5 4 0 0 0 0 0 0 0 0 0 2 1 0 5 2 4 3 4 4 4 2 4 7 6 5 2 0 0
 1988 1 1 3 0 125 0 0 0 0 0 2 0 1 4 2 1 1 2 2 1 7 4 5 6 9 9 2 1 0 0 0 0 0 0 0 2 1 1 3 1 3 6 3 3 0 4 5 3 5 9 9 8 0 0 0
 1989 1 1 3 0 125 0 0 0 0 0 1 0 2 1 3 3 2 1 4 4 3 4 2 3 9 5 11 2 0 0 0 0 0 0 0 0 3 6 2 1 3 0 4 3 3 2 5 7 7 9 3 3 4 0 0
 1990 1 1 3 0 125 0 0 0 0 0 0 0 2 2 2 2 2 2 2 9 4 4 6 6 8 4 4 1 0 0 0 0 0 0 0 1 1 2 2 3 8 2 8 6 6 3 2 3 4 6 5 1 2 0 0
 1991 1 1 3 0 125 0 0 0 0 0 0 0 3 0 3 3 5 5 4 3 3 0 1 6 10 4 4 0 0 0 0 0 0 0 1 1 1 1 3 4 6 5 3 5 6 6 6 6 4 7 3 3 0 0 0
 1992 1 1 3 0 125 0 0 0 0 2 2 0 1 1 1 3 3 2 7 6 4 4 2 5 6 3 6 0 0 0 0 0 0 0 0 0 0 5 3 1 3 5 3 5 8 3 4 6 3 13 4 1 0 0 0
 1993 1 1 3 0 125 0 0 0 0 0 0 1 2 2 2 2 2 4 5 10 5 7 3 2 12 7 6 0 0 0 0 0 0 0 0 0 0 3 1 1 3 2 6 4 8 4 6 4 2 4 3 1 1 0 0
 1994 1 1 3 0 125 0 0 0 0 0 0 0 0 0 4 1 4 3 4 4 9 4 6 7 8 5 3 2 0 0 0 0 0 0 0 0 0 2 0 2 1 1 4 4 10 5 8 6 3 5 6 1 3 0 0
 1995 1 1 3 0 125 0 0 0 1 0 0 1 1 1 1 2 2 5 8 4 11 5 5 4 8 7 0 0 0 0 0 0 0 0 1 0 0 1 1 3 3 1 2 6 3 4 4 8 3 12 4 3 0 0 0
 1996 1 1 3 0 125 0 0 0 1 0 2 1 0 2 4 3 3 2 3 6 6 3 3 4 11 6 6 0 0 0 0 0 0 0 0 0 1 2 0 3 3 1 0 5 4 6 7 4 5 10 3 4 1 0 0
 1997 1 1 3 0 125 0 0 0 2 0 0 2 2 0 0 3 1 6 4 6 2 9 4 5 9 12 0 0 0 0 0 0 0 0 0 3 1 0 5 3 2 4 1 1 6 4 1 6 6 5 6 4 0 0 0
 1998 1 1 3 0 125 0 0 0 0 3 1 2 2 2 2 3 1 3 6 2 0 7 4 5 12 3 1 2 0 0 0 0 0 0 4 1 1 0 2 2 0 1 1 4 6 2 5 4 6 13 7 4 1 0 0
 1999 1 1 3 0 125 0 0 0 0 1 0 1 1 3 0 1 2 2 8 3 4 7 3 5 6 5 7 0 0 0 0 0 0 0 0 0 7 3 4 2 3 2 5 2 11 3 5 1 5 7 4 2 0 0 0
 2000 1 1 3 0 125 0 0 0 0 0 1 0 0 1 2 4 3 1 6 4 4 3 3 4 5 11 0 0 0 0 0 0 0 0 0 2 4 4 3 3 6 3 4 1 8 3 5 1 4 11 1 5 5 0 0
 2001 1 1 3 0 125 0 0 0 0 2 1 0 1 1 0 2 7 6 9 4 2 5 6 4 7 6 4 0 0 0 0 0 0 0 0 2 0 1 0 2 3 2 5 3 8 3 3 5 2 10 6 3 0 0 0
 1977 1 2 3 0 125 0 0 0 0 3 0 0 2 2 3 1 2 5 0 5 6 5 3 3 8 4 10 0 0 0 0 0 0 0 0 0 6 3 3 2 2 5 2 3 3 8 1 1 6 5 8 3 2 0 0
 1980 1 2 3 0 125 0 0 0 0 1 1 1 3 2 2 1 3 6 1 2 5 1 3 3 8 3 3 4 1 0 0 0 0 0 1 1 2 3 4 4 4 4 4 1 1 1 5 3 5 14 7 5 2 0 0
 1983 1 2 3 0 125 0 0 0 0 2 3 3 5 2 4 5 2 3 2 5 5 6 5 3 3 1 8 0 0 0 0 0 0 0 2 2 1 2 2 4 2 6 2 3 5 2 4 4 1 6 10 0 0 0 0
 1986 1 2 3 0 125 0 0 0 0 2 1 1 4 6 2 3 1 1 1 5 5 5 3 3 7 7 3 2 0 0 0 0 0 1 2 1 3 2 1 5 0 2 5 6 7 3 5 2 3 7 4 4 0 0 0
 1989 1 2 3 0 125 0 0 0 0 0 5 8 3 3 5 1 2 4 1 2 2 4 3 2 3 3 2 0 0 0 0 0 0 2 2 3 5 2 5 8 8 7 3 2 4 3 6 3 1 8 0 0 0 0 0
 1992 1 2 3 0 125 0 0 0 0 0 5 6 6 5 3 2 5 6 6 5 5 1 3 1 3 4 0 0 0 0 0 0 0 0 0 2 4 3 6 5 3 6 6 2 5 4 3 1 3 1 2 3 0 0 0
 1995 1 2 3 0 125 0 0 0 0 2 0 0 4 7 5 5 5 6 2 5 6 5 6 0 3 4 1 0 0 0 0 0 0 0 2 3 0 1 2 1 5 3 4 9 5 3 3 4 2 5 4 3 0 0 0
 1998 1 2 3 0 125 0 0 0 3 1 1 2 3 4 6 4 6 5 3 1 2 1 1 1 5 2 2 0 0 0 0 0 0 0 10 5 4 2 3 7 2 1 4 4 5 3 2 3 1 8 6 2 0 0 0
 2001 1 2 3 0 125 0 0 0 0 0 2 3 5 7 5 9 2 9 5 4 4 1 1 2 2 8 0 0 0 0 0 0 0 0 2 1 4 6 5 6 4 3 4 4 5 1 3 2 1 3 2 0 0 0 0

17 #_N_age_bins
 1 2 3 4 5 6 7 8 9 10 11 12 13 14 15 20 25
2 #_N_ageerror_definitions
 0.5 1.5 2.5 3.5 4.5 5.5 6.5 7.5 8.5 9.5 10.5 11.5 12.5 13.5 14.5 15.5 16.5 17.5 18.5 19.5 20.5 21.5 22.5 23.5 24.5 25.5 26.5 27.5 28.5 29.5 30.5 31.5 32.5 33.5 34.5 35.5 36.5 37.5 38.5 39.5 40.5
 0.001 0.001 0.001 0.001 0.001 0.001 0.001 0.001 0.001 0.001 0.001 0.001 0.001 0.001 0.001 0.001 0.001 0.001 0.001 0.001 0.001 0.001 0.001 0.001 0.001 0.001 0.001 0.001 0.001 0.001 0.001 0.001 0.001 0.001 0.001 0.001 0.001 0.001 0.001 0.001 0.001
 0.5 1.5 2.5 3.5 4.5 5.5 6.5 7.5 8.5 9.5 10.5 11.5 12.5 13.5 14.5 15.5 16.5 17.5 18.5 19.5 20.5 21.5 22.5 23.5 24.5 25.5 26.5 27.5 28.5 29.5 30.5 31.5 32.5 33.5 34.5 35.5 36.5 37.5 38.5 39.5 40.5
 0.5 0.65 0.67 0.7 0.73 0.76 0.8 0.84 0.88 0.92 0.97 1.03 1.09 1.16 1.23 1.32 1.41 1.51 1.62 1.75 1.89 2.05 2.23 2.45 2.71 3 3 3 3 3 3 3 3 3 3 3 3 3 3 3 3
40 #_N_Agecomp_obs
1 #_Lbin_method: 1=poplenbins; 2=datalenbins; 3=lengths
1 #_combine males into females at or below this bin number
#Yr Seas Flt/Svy Gender Part Ageerr Lbin_lo Lbin_hi Nsamp datavector(female-male)
 1971 1 1 3 0 2 1 -1 75 0 0 0 0 3 1 1 4 2 1 0 1 2 2 13 2 3 0 0 4 2 1 1 2 1 2 2 1 2 1 2 6 5 8
 1972 1 1 3 0 2 1 -1 75 2 1 1 1 0 3 1 2 2 5 3 1 2 2 9 8 3 0 0 1 2 3 1 3 0 5 1 3 0 2 1 2 3 2
 1973 1 1 3 0 2 1 -1 75 0 0 1 0 1 1 2 3 3 1 1 5 2 2 7 4 3 0 0 0 4 1 3 5 1 2 3 1 3 2 0 5 3 6
 1974 1 1 3 0 2 1 -1 75 0 0 2 0 1 4 2 2 2 4 1 1 1 2 6 6 6 0 0 4 1 2 2 1 2 0 0 1 2 1 1 6 5 7
 1975 1 1 3 0 2 1 -1 75 0 0 1 2 3 1 1 1 2 1 2 2 2 3 10 3 4 0 0 0 0 10 1 2 3 2 1 0 0 0 0 9 3 6
 1976 1 1 3 0 2 1 -1 75 0 0 1 0 2 2 2 1 3 1 2 3 1 1 7 1 3 0 0 0 0 7 4 3 2 1 2 4 4 0 0 8 10 0
 1977 1 1 3 0 2 1 -1 75 0 0 0 0 7 1 0 0 2 4 2 2 3 1 7 2 3 0 0 2 1 4 2 3 3 4 2 2 2 0 1 8 3 4
 1978 1 1 3 0 2 1 -1 75 0 0 3 2 1 1 0 2 0 2 4 3 1 0 9 4 6 0 0 2 2 5 1 0 2 3 2 4 2 0 4 4 3 3
 1979 1 1 3 0 2 1 -1 75 2 0 1 5 2 1 2 3 3 3 2 2 1 0 3 7 0 0 0 2 0 1 0 2 3 2 5 1 3 1 2 6 9 1
 1980 1 1 3 0 2 1 -1 75 0 1 0 2 0 1 1 2 2 3 2 1 1 0 7 8 0 0 0 0 3 2 1 1 1 2 2 4 2 2 2 11 3 8
 1981 1 1 3 0 2 1 -1 75 0 4 0 3 7 2 2 2 2 1 1 2 2 1 4 4 6 0 0 3 2 2 1 1 3 2 2 0 1 2 2 5 3 3
 1982 1 1 3 0 2 1 -1 75 0 2 1 1 3 3 2 1 1 2 2 1 0 2 6 3 9 0 0 0 0 3 5 0 1 4 1 1 1 2 1 8 9 0
 1983 1 1 3 0 2 1 -1 75 0 0 0 6 1 2 2 2 1 1 4 5 0 0 6 2 7 0 0 3 1 3 5 1 0 1 1 3 0 3 3 5 3 4
 1984 1 1 3 0 2 1 -1 75 0 0 0 3 4 0 3 6 3 1 4 0 2 0 7 2 3 0 0 3 1 5 4 2 3 5 1 2 1 2 0 1 2 5
 1985 1 1 3 0 2 1 -1 75 0 0 0 5 1 2 4 5 0 2 4 3 2 3 3 4 5 0 0 0 1 2 3 2 4 2 0 2 3 1 1 7 2 2
 1986 1 1 3 0 2 1 -1 75 0 2 2 1 3 7 4 3 2 2 2 2 2 0 4 2 2 0 0 0 0 4 4 4 1 2 3 4 0 0 1 5 7 0
 1987 1 1 3 0 2 1 -1 75 0 3 1 3 1 2 3 4 2 3 3 2 2 1 3 2 0 0 0 7 1 5 1 4 2 4 3 2 3 1 0 2 1 4
 1988 1 1 3 0 2 1 -1 75 1 0 5 0 2 3 3 3 4 3 3 1 0 3 3 5 0 0 1 3 3 2 2 1 4 3 2 1 2 4 0 5 3 0
 1989 1 1 3 0 2 1 -1 75 0 3 1 1 4 3 7 1 5 1 1 4 1 0 1 7 0 0 0 5 3 4 1 1 5 3 1 5 2 1 0 2 2 0
 1990 1 1 3 0 2 1 -1 75 0 0 7 3 7 3 0 1 3 0 1 1 1 1 3 4 0 0 1 0 8 4 3 3 2 4 5 1 5 1 0 1 2 0
 1991 1 1 3 0 2 1 -1 75 0 0 4 1 7 4 2 3 2 1 0 1 1 3 3 3 0 0 3 4 2 5 4 4 1 3 3 0 4 2 0 4 1 0
 1992 1 1 3 0 2 1 -1 75 0 0 7 4 5 10 4 3 0 3 1 0 2 0 2 1 1 0 0 5 1 3 8 3 3 1 2 0 1 3 0 1 1 0
 1993 1 1 3 0 2 1 -1 75 0 0 7 4 3 7 5 7 2 1 0 1 0 4 0 0 0 0 0 3 3 4 3 7 0 0 4 2 1 1 1 5 0 0
 1994 1 1 3 0 2 1 -1 75 0 0 3 6 4 4 4 9 4 5 1 0 0 0 0 0 3 0 0 0 9 0 7 2 2 3 4 0 3 2 0 0 0 0
 1995 1 1 3 0 2 1 -1 75 3 1 2 0 8 5 2 6 2 5 0 2 1 4 0 0 0 0 0 0 2 5 3 2 3 5 6 1 0 1 1 3 1 1
 1996 1 1 3 0 2 1 -1 75 0 0 1 1 5 4 3 7 2 3 2 3 3 1 5 1 0 0 2 5 0 5 4 1 2 3 4 2 3 0 1 2 0 0
 1997 1 1 3 0 2 1 -1 75 0 5 3 5 0 2 4 3 4 5 1 1 3 2 2 0 0 0 0 0 3 1 6 5 5 2 3 4 1 2 3 0 0 0
 1998 1 1 3 0 2 1 -1 75 5 3 1 4 1 2 3 4 3 2 0 2 0 1 5 0 0 0 0 4 6 4 2 7 2 1 1 6 3 0 0 2 1 0
 1999 1 1 3 0 2 1 -1 75 2 2 3 3 6 3 3 3 8 3 3 3 0 1 1 0 0 0 1 3 3 3 5 4 0 4 2 4 0 1 0 1 0 0
 2000 1 1 3 0 2 1 -1 75 0 2 1 9 4 4 2 2 4 3 1 0 1 0 5 0 0 0 0 8 11 3 1 2 2 1 1 2 1 0 2 3 0 0
 2001 1 1 3 0 2 1 -1 75 0 1 1 6 8 1 1 0 5 2 2 2 0 3 4 0 0 0 0 5 3 4 6 3 3 1 4 3 1 1 2 3 0 0
 1977 1 2 3 0 2 1 -1 75 2 1 2 1 0 4 3 3 2 1 1 0 1 1 4 7 0 0 2 2 7 1 0 1 0 1 2 4 1 2 2 7 10 0
 1980 1 2 3 0 2 1 -1 75 3 3 4 6 5 2 0 2 3 0 3 2 2 2 2 1 4 0 2 3 5 3 1 2 1 1 2 1 1 1 0 3 1 4
 1983 1 2 3 0 2 1 -1 75 3 4 3 2 3 0 0 7 0 0 3 1 1 0 5 6 0 0 2 2 4 1 2 3 4 3 2 0 1 1 2 7 1 2
 1986 1 2 3 0 2 1 -1 75 3 0 2 5 3 5 5 3 1 3 2 1 1 1 3 0 2 0 0 2 3 6 6 1 3 3 1 1 1 1 2 2 3 0
 1989 1 2 3 0 2 1 -1 75 7 3 7 3 2 1 0 3 2 1 2 1 1 5 0 0 0 0 4 8 6 1 2 3 5 1 1 2 0 4 0 0 0 0
 1992 1 2 3 0 2 1 -1 75 2 5 3 4 0 5 0 5 2 0 0 0 1 0 3 0 0 0 4 5 5 10 8 6 2 1 2 0 0 1 0 1 0 0
 1995 1 2 3 0 2 1 -1 75 0 5 2 3 2 3 5 4 2 1 1 2 0 0 3 0 0 0 2 3 5 11 2 6 5 1 2 1 2 0 0 2 0 0
 1998 1 2 3 0 2 1 -1 75 9 4 4 3 1 1 1 1 3 3 1 2 1 7 0 0 0 0 6 5 3 5 1 3 3 2 3 2 0 1 0 0 0 0
 2001 1 2 3 0 2 1 -1 75 4 0 4 11 5 3 4 2 2 0 0 0 0 0 2 0 0 0 2 4 7 11 5 2 0 2 2 2 0 0 0 1 0 0

4 #_N_MeanSize-at-Age_obs
#Yr Seas Flt/Svy Gender Part Ageerr Ignore datavector(female-male)
#                                          samplesize(female-male)
 1971 1 1 3 0 1 2 29.8931 40.6872 44.7411 50.027 52.5794 56.1489 57.1033 61.1728 61.7417 63.368 64.4088 65.6889 67.616 68.5972 69.9177 71.0443 72.3609 32.8188 39.5964 43.988 50.1693 53.1729 54.9822 55.3463 60.3509 60.7439 62.3432 64.3224 65.1032 64.1965 66.7452 67.5154 70.8749 71.2768 20 20 20 20 20 20 20 20 20 20 20 20 20 20 20 20 20 20 20 20 20 20 20 20 20 20 20 20 20 20 20 20 20 20
 1995 1 1 3 0 1 2 32.8974 38.2709 43.8878 49.2745 53.5343 55.1978 57.4389 62.0368 62.1445 62.9579 65.0857 65.6433 66.082 65.6117 67.0784 69.3493 72.2966 32.6552 40.5546 44.6292 50.4063 52.0796 56.1529 56.9004 60.218 61.5894 63.6613 64.0222 63.4926 65.8115 69.5357 68.2448 66.881 71.5122 20 20 20 20 20 20 20 20 20 20 20 20 20 20 20 20 20 20 20 20 20 20 20 20 20 20 20 20 20 20 20 20 20 20
 1971 1 2 3 0 1 2 34.1574 38.8017 43.122 47.2042 49.0502 51.6446 56.3201 56.3038 60.5509 60.2537 59.8042 62.9309 66.842 67.8089 71.1612 70.7693 74.5593 35.3811 40.7375 44.5192 47.6261 52.5298 53.5552 54.9851 58.9231 58.9932 61.8625 64.0366 62.7507 63.9754 64.5102 66.9779 67.7361 69.1298 20 20 20 20 20 20 20 20 20 20 20 20 20 20 20 20 20 20 20 20 20 20 20 20 20 20 20 20 20 20 20 20 20 20
 1995 1 2 3 0 1 2 34.6022 38.3176 42.9052 48.2752 50.6189 53.476 56.7806 59.4127 60.5964 60.5537 65.3608 64.7263 67.4315 67.1405 68.9908 71.9886 74.1594 35.169 40.2404 43.8878 47.3519 49.9906 52.2207 54.9035 58.6058 60.0957 62.4046 62.2298 62.1437 66.2116 65.7657 69.9544 70.6518 71.4371 20 20 20 20 20 20 20 20 20 20 20 20 20 20 20 20 20 20 20 20 20 20 20 20 20 20 20 20 20 20 20 20 20 20

0 #_N_environ_variables
0 #_N_environ_obs
0 # N sizefreq methods to read 

0 # no tag data 

0 # no morphcomp data 

999

#_expected values with no error added 
1971 #_styr
2001 #_endyr
1 #_nseas
 12 #_months/season
1 #_spawn_seas
1 #_Nfleet
2 #_Nsurveys
1 #_N_areas
FISHERY1%SURVEY1%SURVEY2
 0.5 0.5 0.5 #_surveytiming_in_season
 1 1 1 #_area_assignments_for_each_fishery_and_survey
 1 #_units of catch:  1=bio; 2=num
 0.01 #_se of log(catch) only used for init_eq_catch and for Fmethod 2 and 3; use -1 for discard only fleets
2 #_Ngenders
40 #_Nages
 0 #_init_equil_catch_for_each_fishery
31 #_N_lines_of_catch_to_read
#_catch_biomass(mtons):_columns_are_fisheries,year,season
0 1971 1
200 1972 1
1000 1973 1
1000 1974 1
2000 1975 1
3000 1976 1
4000 1977 1
5000 1978 1
6000 1979 1
8000 1980 1
10000 1981 1
10000 1982 1
10000 1983 1
10000 1984 1
10000 1985 1
10000 1986 1
10000 1987 1
9000 1988 1
8000 1989 1
7000 1990 1
6000 1991 1
4000 1992 1
4000 1993 1
4000 1994 1
4000 1995 1
4000 1996 1
3000 1997 1
3000 1998 1
3000 1999 1
3000 2000 1
3000 2001 1
#
21 #_N_cpue_and_surveyabundance_observations
#_Units:  0=numbers; 1=biomass; 2=F
#_Errtype:  -1=normal; 0=lognormal; >0=T
#_Fleet Units Errtype
1 1 0
2 1 0
3 0 0
#_year seas index obs err
1977 1 2 184038 0.3 #_orig_obs: 339689 SURVEY1
1980 1 2 161354 0.3 #_orig_obs: 193353 SURVEY1
1983 1 2 124110 0.3 #_orig_obs: 151984 SURVEY1
1986 1 2 85673.5 0.3 #_orig_obs: 55221.8 SURVEY1
1989 1 2 58101.9 0.3 #_orig_obs: 59232.3 SURVEY1
1992 1 2 45776.8 0.3 #_orig_obs: 31137.5 SURVEY1
1995 1 2 38931.8 0.3 #_orig_obs: 35845.4 SURVEY1
1998 1 2 33399.9 0.3 #_orig_obs: 27492.6 SURVEY1
2001 1 2 34257.9 0.3 #_orig_obs: 37338.3 SURVEY1
1990 1 3 7.88369 0.7 #_orig_obs: 5.19333 SURVEY2
1991 1 3 2.06562 0.7 #_orig_obs: 1.1784 SURVEY2
1992 1 3 2.97909 0.7 #_orig_obs: 5.94383 SURVEY2
1993 1 3 1.63257 0.7 #_orig_obs: 0.770106 SURVEY2
1994 1 3 5.77137 0.7 #_orig_obs: 16.318 SURVEY2
1995 1 3 1.91014 0.7 #_orig_obs: 1.36339 SURVEY2
1996 1 3 5.90104 0.7 #_orig_obs: 4.76482 SURVEY2
1997 1 3 10.9056 0.7 #_orig_obs: 51.0707 SURVEY2
1998 1 3 1.96297 0.7 #_orig_obs: 1.36095 SURVEY2
1999 1 3 1.73697 0.7 #_orig_obs: 0.862531 SURVEY2
2000 1 3 4.00478 0.7 #_orig_obs: 5.97125 SURVEY2
2001 1 3 2.34673 0.7 #_orig_obs: 1.69379 SURVEY2

0 #_N_fleets_with_discard
#_discard_units (1=same_as_catchunits(bio/num); 2=fraction; 3=numbers)
#_discard_errtype:  >0 for DF of T-dist(read CV below); 0 for normal with CV; -1 for normal with se; -2 for lognormal
#Fleet Disc_units err_type
0 #N discard obs
#_year seas index obs err
#
0 #_N_meanbodywt_obs
30 #_DF_for_meanbodywt_T-distribution_like

2 # length bin method: 1=use databins; 2=generate from binwidth,min,max below; 3=read vector
2 # binwidth for population size comp 
10 # minimum size in the population (lower edge of first bin and size at age 0.00) 
94 # maximum size in the population (lower edge of last bin) 

0 #_comp_tail_compression
1e-007 #_add_to_comp
0 #_combine males into females at or below this bin number
25 #_N_LengthBins
 26 28 30 32 34 36 38 40 42 44 46 48 50 52 54 56 58 60 62 64 68 72 76 80 90
40 #_N_Length_obs
#Yr Seas Flt/Svy Gender Part Nsamp datavector(female-male)
 1971 1 1 3 0 125  0 0 0 0 0 0 0 0 0 3.27672 1.1413 1.47087 1.8614 2.31021 2.80748 3.33524 3.8652 4.35653 4.75663 10.0641 9.34192 7.04473 7.08921 0 0 0 0 0 0 0 0 0 0 2.44876 0.907814 1.19769 1.55773 1.99168 2.49895 3.06929 3.67778 4.28057 4.81372 5.19961 10.6153 9.09648 6.10637 4.81673 0 0
 1972 1 1 3 0 125  0 0 0 0 0 0 0 0 0 3.22901 1.14279 1.4727 1.8636 2.31277 2.81042 3.33853 3.86881 4.36041 4.76068 10.0722 9.34914 7.05002 4.20888 2.88554 0 0 0 0 0 0 0 0 0 2.39117 0.909022 1.19925 1.55966 1.99401 2.50171 3.07249 3.68139 4.28456 4.81802 5.20407 10.624 9.10366 6.11108 4.82036 0 0
 1973 1 1 3 0 125  0 0 0 0 0 0 0 0 0 0 0 0 7.63268 2.32014 2.81823 3.34655 3.87679 4.36812 4.76794 10.0848 9.35856 7.05609 7.09969 0 0 0 0 0 0 0 0 0 0 0 0 0 5.96382 2.00077 2.50951 3.08089 3.6901 4.29331 4.82655 5.21215 10.638 9.11369 6.11704 3.14902 1.67559 0
 1974 1 1 3 0 125  0 0 0 0 0 0 0 0 0 3.01341 1.12259 1.46852 1.87289 2.33084 2.833 3.36291 3.89345 4.38437 4.78333 10.1117 9.3788 7.06924 7.11123 0 0 0 0 0 0 0 0 0 1.57547 0.63198 0.86642 1.17092 1.54888 1.99932 2.51844 3.09563 3.70737 4.31129 4.84426 5.22896 10.667 9.13468 6.12956 3.15497 1.67856 0
 1975 1 1 3 0 125  0 0 0 0 0 0 0 1.53887 0.599738 0.807245 1.08171 1.4276 1.84289 2.31813 2.83723 3.37908 3.91571 4.40843 4.80674 10.1524 9.40888 7.08839 7.12768 0 0 0 0 0 0 0 0 0 0 0 3.01008 1.13087 1.50553 1.96466 2.50078 3.09636 3.72218 4.334 4.86981 5.25422 10.7108 9.1658 6.14783 4.84635 0 0
 1976 1 1 3 0 125  0 0 0 0 0 0 0 1.63244 0.593575 0.803886 1.06844 1.39796 1.80136 2.27662 2.80751 3.36671 3.91891 4.4211 4.82249 10.178 9.42082 7.09113 4.22871 2.89664 0 0 0 0 0 0 0 1.23723 0.434405 0.608111 0.832866 1.11906 1.47931 1.9253 2.45892 3.06444 3.70723 4.33537 4.88181 5.27027 10.7385 9.1803 6.15298 4.84754 0 0
 1977 1 1 3 0 125  0 0 0 0 0 0 0 1.91288 0.571134 0.773751 1.04276 1.37817 1.77937 2.2456 2.76957 3.33081 3.89335 4.40831 4.8192 10.179 9.41326 7.07705 4.21679 2.88655 0 0 0 0 0 0 1.19686 0.351486 0.446683 0.593504 0.802893 1.08772 1.45314 1.90011 2.42798 3.02776 3.67205 4.30962 4.86838 5.26648 10.7402 9.17644 6.14456 4.83654 0 0
 1978 1 1 3 0 125  0 0 0 0 0 0 1.66581 0.60694 0.697935 0.83387 1.04843 1.3513 1.73968 2.20336 2.72554 3.28309 3.84328 4.36017 4.77631 10.1074 9.34911 7.02147 4.17921 2.85808 0 0 0 0 0 0 0 0 2.29931 0.764152 0.902237 1.11838 1.43698 1.86099 2.38152 2.97921 3.62149 4.25812 4.81928 5.22268 10.6686 9.11836 6.10101 4.79676 0 0
 1979 1 1 3 0 125  0 0 0 0 0 0 0 0 0 0 5.47576 1.52581 1.81207 2.19859 2.67706 3.21435 3.7653 4.2772 4.6911 9.9411 9.20187 6.90688 4.10665 2.80503 0 0 0 0 0 0 0 0 0 3.04872 1.17539 1.41071 1.65802 1.97338 2.39959 2.93803 3.55095 4.17499 4.73109 5.13355 10.5007 8.9814 6.00716 3.08234 1.63518 0
 1980 1 1 3 0 125  0 0 0 0 0 0 0 2.05513 0.826039 1.14403 1.49717 1.83749 2.14659 2.4529 2.80523 3.22924 3.70522 4.17672 4.57163 9.68693 8.9681 6.72809 3.99638 2.72583 0 0 0 0 0 0 0 0 0 2.91426 1.16315 1.54627 1.93679 2.30766 2.67826 3.09524 3.585 4.12121 4.62834 5.00894 10.243 8.76321 5.85952 4.5964 0 0
 1981 1 1 3 0 125  0 0 0 0 0 0 1.6274 0.60266 0.79526 1.07012 1.43984 1.87935 2.33583 2.75749 3.12699 3.46784 3.81224 4.16095 4.47072 9.3735 8.64629 6.4787 6.46109 0 0 0 0 0 0 0 1.16613 0.470818 0.626346 0.828195 1.1075 1.4873 1.95345 2.45809 2.94827 3.39904 3.82136 4.23222 4.61473 4.90653 9.92861 8.46316 5.65325 4.42873 0 0
 1982 1 1 3 0 125  0 0 0 0 0 0 0 0 3.20872 1.14464 1.46898 1.87065 2.34328 2.84668 3.32069 3.72099 4.03988 4.29172 4.48021 9.12378 8.28072 12.3225 0 0 0 0 0 0 0 0 0 0 2.32873 0.918108 1.19563 1.54088 1.96799 2.4741 3.02569 3.56548 4.0422 4.43123 4.72401 4.90157 9.67064 8.12242 5.40337 4.22454 0 0
 1983 1 1 3 0 125  0 0 0 0 0 0 0 0 0 0 6.01835 1.98894 2.43338 2.91377 3.39948 3.84256 4.19751 4.4398 4.56499 9.02121 7.95292 5.86091 5.80031 0 0 0 0 0 0 0 0 0 0 0 4.47494 1.66023 2.09481 2.5821 3.11112 3.65179 4.15401 4.56337 4.83829 4.9533 9.53083 7.81055 5.13991 4.00061 0 0
 1984 1 1 3 0 125  0 0 0 0 0 0 1.38198 0.664794 0.938107 1.27805 1.6771 2.12095 2.59314 3.07403 3.54003 3.96233 4.3067 4.53974 4.63839 8.99718 7.7021 5.56288 5.44476 0 0 0 0 0 0 0 0 0 2.01774 0.947773 1.30681 1.73522 2.21888 2.73959 3.27608 3.80123 4.27965 4.66765 4.91941 4.99766 9.45326 7.55774 4.88953 3.76949 0 0
 1985 1 1 3 0 125  0 0 0 0 0 0 0 0 2.93853 1.21105 1.65512 2.16469 2.70514 3.23721 3.72425 4.13645 4.44965 4.64288 4.69873 8.97357 7.49474 5.29101 3.04683 2.03918 0 0 0 0 0 0 0 0 2.10799 0.859469 1.22685 1.69439 2.24252 2.83488 3.42811 3.97943 4.45024 4.80525 5.01094 5.03839 9.38227 7.33755 4.65663 3.53607 0 0
 1986 1 1 3 0 125  0 0 0 1.02849 0.313841 0.344387 0.427368 0.574052 0.794829 1.11262 1.5414 2.07218 2.67045 3.27981 3.83636 4.28714 4.5996 4.75945 4.76339 8.93464 7.28238 5.02434 4.71858 0 0 0 0 0 0 0 1.77182 0.454235 0.591985 0.812901 1.13565 1.57875 2.13862 2.78202 3.4501 4.07208 4.58366 4.93868 5.1094 5.08211 9.30055 7.1118 4.42443 3.29589 0 0
 1987 1 1 3 0 125  0 0 0 0 1.70333 0.615849 0.739325 0.851322 0.974357 1.1747 1.50021 1.95873 2.52729 3.15428 3.76413 4.27675 4.6309 4.79667 4.77285 8.80772 6.99724 4.71201 4.30714 0 0 0 0 0 0 0 0 0 4.05789 1.06401 1.25913 1.5775 2.04514 2.64309 3.31648 3.98277 4.55042 4.94359 5.11802 5.06218 9.1243 6.81593 4.15086 3.02389 0 0
 1988 1 1 3 0 125  0 0 0 0 0 2.45662 1.03737 1.29571 1.52063 1.72023 1.92256 2.17844 2.54071 3.01695 3.55215 4.05449 4.43345 4.6275 4.61477 8.44974 6.56841 4.31423 3.826 0 0 0 0 0 0 0 2.40874 1.05582 1.35373 1.62346 1.85712 2.08327 2.35342 2.72458 3.21619 3.78008 4.31749 4.7222 4.91679 4.86886 8.70853 6.37875 6.50101 0 0 0
 1989 1 1 3 0 125  0 0 0 0 0 2.18312 1.0595 1.4597 1.89752 2.3239 2.67933 2.93729 3.13126 3.32731 3.57226 3.85708 4.11846 4.27488 4.26722 7.8066 5.992 3.85107 3.30847 0 0 0 0 0 0 0 0 3.16591 1.46976 1.94427 2.41887 2.83228 3.14587 3.37973 3.59858 3.85587 4.14729 4.40708 4.54493 4.49256 8.01363 5.79907 3.39016 2.34716 0 0
 1990 1 1 3 0 125  0 0 0 0 0 0 0 4.33471 1.87193 2.46997 3.0814 3.60093 3.94731 4.10504 4.12717 4.09337 4.05256 3.99725 3.88278 6.99938 5.31751 3.36421 2.80499 0 0 0 0 0 0 0 2.00113 0.927684 1.35469 1.88745 2.51244 3.16852 3.74959 4.16085 4.37254 4.42874 4.40614 4.35424 4.2657 4.09505 7.17637 5.13192 2.95766 1.99881 0 0
 1991 1 1 3 0 125  0 0 0 0 0 0 0 4.00296 1.62867 2.27742 3.01123 3.74386 4.36002 4.74906 4.85927 4.72673 4.44619 4.10947 3.76215 6.41764 4.71872 5.32768 0 0 0 0 0 0 0 1.58302 0.596248 0.763718 1.10077 1.61527 2.28423 3.05566 3.83783 4.509 4.95236 5.10759 5.00125 4.72174 4.35868 3.95884 6.57684 4.54774 4.28814 0 0 0
 1992 1 1 3 0 125  0 0 0 0 1.16683 0.718094 0.970173 1.20083 1.48817 1.94849 2.61989 3.43049 4.24006 4.89108 5.25677 5.28475 5.01392 4.54775 3.99943 6.36693 4.3774 4.73992 0 0 0 0 0 0 0 0 0 0 4.02985 1.57686 2.01829 2.67149 3.49329 4.34086 5.03894 5.44465 5.49616 5.22814 4.74249 4.15253 6.47887 4.20829 3.81832 0 0 0
 1993 1 1 3 0 125  0 0 0 0 0 0 2.02806 1.1363 1.61374 2.1058 2.6158 3.20473 3.90231 4.62666 5.20926 5.49376 5.41635 5.02097 4.4204 6.80529 4.36747 4.41972 0 0 0 0 0 0 0 0 0 0 3.05158 1.61022 2.16512 2.73547 3.35617 4.05969 4.78527 5.37478 5.6644 5.57896 5.15781 4.51545 6.82909 4.16827 2.188 1.37308 0 0
 1994 1 1 3 0 125  0 0 0 0 0 0 0 0 0 5.79982 2.52679 3.2557 3.94279 4.56303 5.08834 5.44246 5.52671 5.29069 4.77229 7.40099 4.58592 2.48568 1.80237 0 0 0 0 0 0 0 0 0 2.7285 1.23727 1.81852 2.54915 3.34129 4.1007 4.77099 5.30936 5.64429 5.68852 5.40021 4.82289 7.32549 4.32661 2.15994 1.29267 0 0
 1995 1 1 3 0 125  0 0 0 0.992674 0.354087 0.366292 0.465614 0.677602 1.00837 1.47784 2.10657 2.88093 3.72496 4.5151 5.13555 5.51638 5.62535 5.45066 5.00835 7.95286 9.29091 0 0 0 0 0 0 0 0 1.36218 0.425999 0.491881 0.67988 1.00685 1.48528 2.13155 2.93441 3.82274 4.66927 5.33868 5.73632 5.81807 5.57922 5.05423 7.81147 4.60876 3.49313 0 0 0
 1996 1 1 3 0 125  0 0 0 0.999838 0.43442 0.632334 0.806722 0.925013 1.05399 1.3132 1.77511 2.43703 3.2441 4.09934 4.86994 5.42052 5.6598 5.56452 5.1704 8.34734 5.26931 4.50606 0 0 0 0 0 0 0 0 0 2.87838 1.01022 1.15915 1.39963 1.83953 2.50466 3.34073 4.2374 5.04675 5.61777 5.84492 5.69901 5.22361 8.18516 4.87961 2.33428 1.2702 0 0
 1997 1 1 3 0 125  0 0 0 1.95885 0.461593 0.53442 0.734035 1.0484 1.39675 1.71027 1.99857 2.35553 2.87634 3.56241 4.3064 4.94843 5.34398 5.41023 5.14257 8.49245 10.1182 0 0 0 0 0 0 0 0 0 3.15346 0.744509 1.04253 1.42179 1.79643 2.14247 2.52862 3.05432 3.74321 4.49767 5.14598 5.52489 5.54131 5.19428 8.32007 5.04476 3.70425 0 0 0
 1998 1 1 3 0 125  0 0 0 0 3.05897 0.94231 1.03604 1.18371 1.40632 1.75028 2.19083 2.643 3.06114 3.47762 3.93714 4.4134 4.79916 4.96916 4.85004 8.28408 5.50294 2.91464 1.82255 0 0 0 0 0 0 3.02556 1.08417 1.15497 1.29456 1.50953 1.835 2.277 2.77022 3.24939 3.71459 4.19398 4.66104 5.01112 5.11871 4.91315 8.11875 5.06671 2.46108 1.29716 0 0
 1999 1 1 3 0 125  0 0 0 0 1.80894 1.32835 1.76553 2.02782 2.14994 2.26552 2.46876 2.77889 3.16199 3.55336 3.89746 4.17381 4.37137 4.45265 4.36091 7.6326 5.25803 4.65119 0 0 0 0 0 0 0 0 0 4.66236 2.19447 2.39933 2.5216 2.69629 2.98146 3.35882 3.76724 4.14003 4.43261 4.61294 4.63709 4.45602 7.5129 4.84152 3.67824 0 0 0
 2000 1 1 3 0 125  0 0 0 0 0 1.77865 1.18467 1.9091 2.67887 3.28455 3.61003 3.71625 3.75755 3.83949 3.96727 4.08774 4.14495 4.10245 3.93836 6.85451 9.22946 0 0 0 0 0 0 0 0 0 1.7049 1.08755 1.81377 2.65902 3.4045 3.87343 4.06091 4.1084 4.15792 4.25225 4.34844 4.37863 4.28952 4.0514 6.79377 4.44992 2.26211 1.21965 0 0
 2001 1 1 3 0 125  0 0 0 0 1.25071 0.415451 0.632468 1.06919 1.77952 2.73085 3.74169 4.54301 4.94734 4.96646 4.7629 4.50196 4.25514 4.0096 3.72443 6.31296 4.40939 4.14548 0 0 0 0 0 0 0 0 1.71082 0.627379 1.02278 1.70249 2.65613 3.73101 4.6562 5.19756 5.30882 5.12715 4.83305 4.52619 4.20949 3.84418 6.28667 4.09245 3.26909 0 0 0
 1977 1 2 3 0 125  0 0 0 0 1.89511 1.33271 1.6706 1.91891 2.09581 2.25981 2.42481 2.58494 2.74457 2.91371 3.09653 3.28661 3.46774 3.6168 3.70646 7.30632 6.37323 9.18421 0 0 0 0 0 0 0 0 0 5.31134 2.00733 2.1779 2.34492 2.52937 2.72556 2.9308 3.15035 3.38521 3.62333 3.8385 3.99426 4.05047 7.71141 6.21457 4.02634 3.09945 0 0
 1980 1 2 3 0 125  0 0 0 0 1.5294 1.34445 1.93054 2.44545 2.85349 3.14536 3.27738 3.24439 3.11685 2.99607 2.95251 2.99956 3.10667 3.22587 3.3099 6.54535 5.71584 4.14941 2.42028 1.63121 0 0 0 0 0 1.58284 1.40812 1.9608 2.46321 2.87888 3.19792 3.38486 3.41971 3.35073 3.27134 3.25774 3.33002 3.45546 3.57468 3.62652 6.92311 5.58676 3.61445 2.77288 0 0
 1983 1 2 3 0 125  0 0 0 0 1.42423 1.55835 2.31094 2.82747 3.10648 3.25166 3.32069 3.34959 3.37006 3.3946 3.41268 3.40438 3.35686 3.27066 3.15242 5.81601 4.83504 6.78211 0 0 0 0 0 0 0 1.3908 1.54214 2.30358 2.86731 3.18939 3.36521 3.46643 3.52788 3.57602 3.62452 3.66597 3.68032 3.64945 3.56422 3.42057 6.14607 10.0759 0 0 0 0
 1986 1 2 3 0 125  0 0 0 0 2.24822 1.53366 1.95527 2.31524 2.61765 2.91637 3.21686 3.48818 3.69671 3.8193 3.84951 3.79654 3.67675 3.50454 3.28793 5.7597 4.42628 2.95445 2.71163 0 0 0 0 0 1.18336 1.2502 1.7269 2.07819 2.38757 2.67717 2.97674 3.2948 3.60001 3.85114 4.01761 4.08603 4.05913 3.9478 3.76222 3.50792 5.99687 4.3236 4.49795 0 0 0
 1989 1 2 3 0 125  0 0 0 0 0 5.04965 3.8661 4.69544 4.98414 4.85822 4.45972 3.9435 3.45711 3.09024 2.85886 2.72422 2.62569 2.51051 2.34918 4.01465 2.90526 3.32303 0 0 0 0 0 0 0.967454 1.42557 2.5881 3.83179 4.72778 5.10694 5.05675 4.7143 4.22353 3.73144 3.34219 3.08583 2.9292 2.80969 2.6691 2.47323 9.60159 0 0 0 0 0
 1992 1 2 3 0 125  0 0 0 0 0 4.60808 3.55268 3.87639 3.92273 4.08782 4.3762 4.62193 4.69785 4.55866 4.22183 3.74577 3.20788 2.6802 2.20954 3.28823 4.33945 0 0 0 0 0 0 0 0 0 4.34373 3.61375 4.10177 4.15652 4.23424 4.46239 4.70655 4.80953 4.69647 4.37273 3.89561 3.34494 2.79497 2.29412 3.34667 2.04846 1.7823 0 0 0
 1995 1 2 3 0 125  0 0 0 0 2.32244 1.47575 1.92722 2.47242 3.0044 3.50449 3.97736 4.38738 4.66501 4.75668 4.66202 4.41952 4.06813 3.63099 3.12753 4.64376 2.71919 2.29396 0 0 0 0 0 0 0 2.52089 1.71631 2.03595 2.48073 2.99989 3.52213 4.02451 4.46883 4.78747 4.9191 4.84642 4.59574 4.2075 3.71663 3.15619 4.56212 2.53666 1.84467 0 0 0
 1998 1 2 3 0 125  0 0 0 2.45988 2.53403 3.34885 3.78267 3.80981 3.69604 3.66112 3.64869 3.55041 3.38162 3.23168 3.15266 3.11892 3.0614 2.9199 2.67154 4.265 2.67091 2.20513 0 0 0 0 0 0 0 5.27765 3.85302 4.21688 4.16658 3.96727 3.83834 3.7922 3.72131 3.58957 3.45189 3.35832 3.29392 3.19661 3.00778 2.70631 4.18091 2.45968 1.75152 0 0 0
 2001 1 2 3 0 125  0 0 0 0 0 3.2729 2.2657 3.37645 4.58882 5.60466 6.11424 5.98785 5.36239 4.52834 3.74208 3.12161 2.66326 2.3117 2.0129 3.18861 3.99219 0 0 0 0 0 0 0 0 1.94026 1.56266 2.24747 3.22988 4.39017 5.45133 6.09678 6.13705 5.6336 4.84049 4.02826 3.35118 2.83291 2.42695 2.07762 3.17621 3.44345 0 0 0 0

17 #_N_age_bins
 1 2 3 4 5 6 7 8 9 10 11 12 13 14 15 20 25
2 #_N_ageerror_definitions
 0.5 1.5 2.5 3.5 4.5 5.5 6.5 7.5 8.5 9.5 10.5 11.5 12.5 13.5 14.5 15.5 16.5 17.5 18.5 19.5 20.5 21.5 22.5 23.5 24.5 25.5 26.5 27.5 28.5 29.5 30.5 31.5 32.5 33.5 34.5 35.5 36.5 37.5 38.5 39.5 40.5
 0.001 0.001 0.001 0.001 0.001 0.001 0.001 0.001 0.001 0.001 0.001 0.001 0.001 0.001 0.001 0.001 0.001 0.001 0.001 0.001 0.001 0.001 0.001 0.001 0.001 0.001 0.001 0.001 0.001 0.001 0.001 0.001 0.001 0.001 0.001 0.001 0.001 0.001 0.001 0.001 0.001
 0.5 1.5 2.5 3.5 4.5 5.5 6.5 7.5 8.5 9.5 10.5 11.5 12.5 13.5 14.5 15.5 16.5 17.5 18.5 19.5 20.5 21.5 22.5 23.5 24.5 25.5 26.5 27.5 28.5 29.5 30.5 31.5 32.5 33.5 34.5 35.5 36.5 37.5 38.5 39.5 40.5
 0.5 0.65 0.67 0.7 0.73 0.76 0.8 0.84 0.88 0.92 0.97 1.03 1.09 1.16 1.23 1.32 1.41 1.51 1.62 1.75 1.89 2.05 2.23 2.45 2.71 3 3 3 3 3 3 3 3 3 3 3 3 3 3 3 3
40 #_N_Agecomp_obs
1 #_Lbin_method: 1=poplenbins; 2=datalenbins; 3=lengths
1 #_combine males into females at or below this bin number
#Yr Seas Flt/Svy Gender Part Ageerr Lbin_lo Lbin_hi Nsamp datavector(female-male)
 1971 1 1 3 0 2 1 -1 75  0 0 0 0 5.34429 1.97708 2.11187 2.15282 2.1245 2.04055 1.92507 1.80035 1.67231 1.54426 5.99141 3.58709 5.79015 0 0 1.60659 1.41999 1.77064 1.99593 2.10745 2.13193 2.0935 2.00446 1.88726 1.76278 1.63612 1.51007 5.85503 3.50381 5.6527
 1972 1 1 3 0 2 1 -1 75  0.746857 0.535653 0.928407 1.35338 1.72676 1.97933 2.11409 2.15493 2.12646 2.04234 1.92669 1.80182 1.67364 1.54546 5.99591 3.58969 5.79426 0 0 1.60135 1.42189 1.77283 1.99819 2.10967 2.13403 2.09546 2.00624 1.88888 1.76425 1.63745 1.51128 5.85954 3.50643 5.65684
 1973 1 1 3 0 2 1 -1 75  0 0 2.1423 1.35891 1.73374 1.98607 2.1201 2.16003 2.13069 2.0458 1.92951 1.80414 1.67557 1.54707 6.00101 3.59215 5.79773 0 0 0 2.97929 1.77988 2.00494 2.11567 2.13916 2.09975 2.00981 1.89183 1.76671 1.63952 1.51303 5.86527 3.5093 5.661
 1974 1 1 3 0 2 1 -1 75  0 0 2.04351 1.34433 1.74588 1.99996 2.13266 2.1708 2.13966 2.05315 1.93551 1.80908 1.67967 1.55051 6.01203 3.59757 5.80544 0 0 1.46191 1.41091 1.792 2.01875 2.12811 2.14985 2.10872 2.01724 1.89797 1.77183 1.64382 1.51668 5.87725 3.51536 5.66983
 1975 1 1 3 0 2 1 -1 75  0 0 1.98799 1.26487 1.72549 2.01822 2.15254 2.1879 2.15382 2.06464 1.94479 1.81661 1.68585 1.55563 6.02799 3.60517 5.81605 0 0 0 0 4.52931 2.03672 2.14775 2.16676 2.12282 2.0288 1.90742 1.77961 1.6503 1.52211 5.89469 3.52397 5.68218
 1976 1 1 3 0 2 1 -1 75  0 0 2.16058 1.22833 1.63013 1.99142 2.17289 2.20885 2.16985 2.07625 1.95289 1.82211 1.68946 1.55789 6.02969 3.60267 5.80908 0 0 0 0 4.37259 2.00814 2.16754 2.18741 2.1388 2.04062 1.91593 1.78566 1.65453 1.52503 5.89944 9.20223 0
 1977 1 1 3 0 2 1 -1 75  0 0 0 0 5.2487 1.88952 2.13996 2.22789 2.18942 2.08942 1.96081 1.8262 1.69085 1.55746 6.01676 3.58941 5.78316 0 0 1.43225 1.30423 1.63767 1.9046 2.13338 2.20586 2.15821 2.05402 1.92442 1.79054 1.65686 1.5256 5.89119 3.5134 5.6582
 1978 1 1 3 0 2 1 -1 75  0 0 2.70165 1.18666 1.60614 1.85628 2.03152 2.18254 2.19722 2.09862 1.96338 1.82372 1.68499 1.54949 5.96922 3.55292 5.71783 0 0 1.88261 1.24435 1.64503 1.87127 2.02456 2.16005 2.16578 2.0635 1.92774 1.78916 1.65231 1.51904 5.85035 3.48144 5.60064
 1979 1 1 3 0 2 1 -1 75  0.871665 0.717472 1.37551 1.44911 1.5477 1.84924 1.99266 2.06747 2.13614 2.08931 1.95736 1.81197 1.66912 1.53123 5.87503 9.08567 0 0 0 2.2845 1.52929 1.58594 1.86197 1.98551 2.04561 2.10515 2.05463 1.92264 1.7788 1.63812 1.50263 5.76508 3.42001 5.49345
 1980 1 1 3 0 2 1 -1 75  0 1.56359 1.23682 2.05894 1.95099 1.808 1.96931 2.02195 2.0185 2.01534 1.9317 1.79146 1.64407 1.5031 5.7332 8.81183 0 0 0 0 4.13316 2.00773 1.8214 1.96034 2.00013 1.98911 1.9822 1.89839 1.76008 1.61526 1.47692 5.63503 3.32776 5.3337
 1981 1 1 3 0 2 1 -1 75  0 1.73196 1.05362 1.82189 2.67288 2.33408 1.95598 1.98471 1.96488 1.89756 1.84655 1.74935 1.60901 1.46504 5.54046 3.24857 5.19066 0 0 1.8961 1.89692 2.73384 2.35628 1.94773 1.96206 1.93622 1.86702 1.816 1.72058 1.58307 1.44199 5.45765 3.20172 5.11563
 1982 1 1 3 0 2 1 -1 75  0 1.75515 1.24932 1.6253 2.34735 3.06678 2.55501 1.99913 1.91418 1.83492 1.73106 1.65719 1.55422 1.41939 5.31234 3.08506 4.90756 0 0 0 0 6.2772 3.07964 2.54536 1.9765 1.88567 1.80577 1.70364 1.63184 1.53156 1.39974 5.24649 7.90262 0
 1983 1 1 3 0 2 1 -1 75  0 0 0 4.90924 2.16499 2.69298 3.22056 2.60945 1.95071 1.77471 1.66246 1.54771 1.46123 1.35833 5.06858 2.90801 4.59966 0 0 2.29695 2.01145 2.21023 2.69554 3.19569 2.57844 1.92136 1.74641 1.63682 1.52552 1.44206 1.34205 5.0193 2.88469 4.56486
 1984 1 1 3 0 2 1 -1 75  0 0 0 4.88322 2.54805 2.55045 2.84506 3.17594 2.53013 1.83013 1.59851 1.47633 1.36059 1.26872 4.80646 2.72388 4.27702 0 0 2.17635 2.17856 2.59853 2.55695 2.81735 3.12979 2.48952 1.80041 1.57421 1.45622 1.34449 1.25584 4.77319 2.71211 4.262
 1985 1 1 3 0 2 1 -1 75  0 0 0 4.86048 2.75196 2.97414 2.74688 2.82741 2.98412 2.3454 1.66365 1.41123 1.28627 1.17483 4.50248 2.53216 3.93868 0 0 0 4.05742 2.79831 2.97704 2.72083 2.7828 2.93164 2.30489 1.63789 1.39283 1.27251 1.16493 4.48474 2.53161 3.94288
 1986 1 1 3 0 2 1 -1 75  0 2.33208 1.07263 1.82519 2.69317 3.18862 3.16059 2.76125 2.66951 2.6752 2.0919 1.4757 1.21918 1.09636 4.15175 2.32743 3.57639 0 0 0 0 6.51334 3.18387 3.12526 2.71605 2.62082 2.62756 2.05802 1.45634 1.20742 1.08899 4.1487 5.93669 0
 1987 1 1 3 0 2 1 -1 75  0 3.32156 1.29308 1.66572 2.37932 3.07587 3.33226 3.09959 2.60097 2.38358 2.28538 1.79217 1.26651 1.02116 3.74389 5.25817 0 0 0 2.69293 1.73057 2.40761 3.06361 3.28839 3.04415 2.55116 2.34106 2.24945 1.76855 1.25479 1.01604 3.75437 2.11271 3.20536
 1988 1 1 3 0 2 1 -1 75  2.14741 1.61978 2.23129 2.07969 2.17512 2.66192 3.11642 3.16152 2.8039 2.27567 2.00223 1.85707 1.45962 1.0358 3.28492 4.51447 0 0 1.80021 2.41211 2.17668 2.20339 2.64609 3.06877 3.10012 2.74671 2.2329 1.9717 1.83502 1.44701 1.03149 3.3058 4.59517 0
 1989 1 1 3 0 2 1 -1 75  0 3.42337 2.93509 3.45146 2.76501 2.41347 2.62088 2.84776 2.74929 2.34474 1.86206 1.59223 1.43264 1.12954 2.90405 3.73097 0 0 0 4.91581 3.60456 2.81573 2.40042 2.57636 2.78764 2.69006 2.29826 1.83191 1.57449 1.42284 1.12607 2.93034 3.82296 0
 1990 1 1 3 0 2 1 -1 75  0 0 5.92964 4.26064 4.36937 3.09939 2.36181 2.3372 2.39643 2.21926 1.84155 1.4475 1.21052 1.06074 2.66419 2.98764 0 0 1.50861 2.96576 4.41665 4.43444 3.09102 2.32121 2.28421 2.34157 2.17328 1.81002 1.42998 1.20319 1.05962 2.69297 3.0816 0
 1991 1 1 3 0 2 1 -1 75  0 0 5.40481 3.94046 5.16799 4.71774 3.09182 2.13985 1.96319 1.91529 1.72225 1.40941 1.10075 0.902115 2.46767 2.38034 0 0 1.25166 2.48797 4.06994 5.21506 4.68908 3.0402 2.08913 1.91504 1.8732 1.69121 1.39087 1.09281 0.901625 2.49814 2.47038 0
 1992 1 1 3 0 2 1 -1 75  0 0 4.89488 3.24823 4.70067 5.42268 4.58397 2.86505 1.85861 1.60157 1.50636 1.33218 1.08083 0.841017 2.30027 0.813839 1.13322 0 0 3.64522 3.3522 4.73362 5.3694 4.49458 2.79332 1.80869 1.56251 1.47625 1.31229 1.0708 0.838687 2.32919 2.02989 0
 1993 1 1 3 0 2 1 -1 75  0 0 4.53589 2.81397 3.86908 4.94405 5.22421 4.19718 2.55429 1.58464 1.30196 1.19488 1.04364 4.72499 0 0 0 0 0 3.78338 2.92733 3.89686 4.89142 5.11128 4.08306 2.47939 1.5406 1.27192 1.17395 1.03134 0.838093 3.9826 0 0
 1994 1 1 3 0 2 1 -1 75  0 0 3.80594 3.40913 3.53994 4.11776 4.81033 4.76935 3.69605 2.21022 1.33129 1.05525 0.946911 0.818219 2.17376 0.665947 0.806727 0 0 0 6.29918 3.59208 4.07685 4.70548 4.63464 3.58192 2.1424 1.29548 1.03353 5.4816 0 0 0 0
 1995 1 1 3 0 2 1 -1 75  1.63515 0.726744 1.3027 2.55186 4.20034 3.97748 4.07957 4.45372 4.21098 3.16803 1.88251 1.11934 0.858373 4.24124 0 0 0 0 0 0 4.83229 4.24992 3.96095 3.99536 4.32938 4.07995 3.06763 1.82616 1.09172 0.843597 0.745421 2.15767 0.674681 0.737243
 1996 1 1 3 0 2 1 -1 75  0 0 4.42382 1.91598 3.11247 4.53035 4.0749 3.81597 3.93918 3.57579 2.63677 1.57615 0.932634 0.692209 2.06937 1.23857 0 0 1.33292 1.44079 1.98666 3.13409 4.49827 4.00704 3.71519 3.81985 3.4641 2.55662 1.53267 0.912664 0.683134 3.38185 0 0
 1997 1 1 3 0 2 1 -1 75  0 4.2185 2.11566 2.0215 2.36173 3.30519 4.37096 3.8229 3.36347 3.30303 2.91029 2.12955 1.28643 0.759808 3.09239 0 0 0 0 0 5.73571 2.3889 3.27477 4.28909 3.73106 3.26612 3.20262 2.82339 2.0697 1.25473 3.90247 0 0 0
 1998 1 1 3 0 2 1 -1 75  3.79039 1.65935 2.03956 3.0045 2.55791 2.50499 3.15717 3.88235 3.34559 2.81293 2.65713 2.29905 1.67459 1.02427 2.96868 0 0 0 0 4.05305 3.13466 2.6101 2.49023 3.09631 3.78514 3.25337 2.73052 2.57981 2.23551 1.63221 1.00231 1.91701 1.10133 0
 1999 1 1 3 0 2 1 -1 75  2.44709 2.68175 2.93067 2.84092 3.53253 2.76633 2.37401 2.76301 3.20929 2.73494 2.22928 2.04383 1.74148 1.2668 3.00471 0 0 0 2.99348 3.1886 2.96009 3.58667 2.76708 2.33376 2.69447 3.12053 2.6575 2.16698 1.98952 1.6988 1.2392 3.03669 0 0
 2000 1 1 3 0 2 1 -1 75  0 3.16614 4.35499 4.23802 3.3752 3.55751 2.66052 2.08549 2.26754 2.50212 2.12877 1.70799 1.52119 1.27878 3.13975 0 0 0 0 6.64722 4.46075 3.43414 3.54349 2.625 2.03716 2.20633 2.43271 2.071 1.66458 1.48587 1.25224 3.1555 0 0
 2001 1 1 3 0 2 1 -1 75  0 2.3306 2.72606 5.84029 5.21208 3.57082 3.28288 2.38683 1.76397 1.80455 1.90774 1.63241 1.30068 1.1266 3.24771 0 0 0 0 3.77544 6.07087 5.33242 3.56799 3.23022 2.33551 1.71813 1.75607 1.85788 1.59212 1.27188 1.10479 3.25348 0 0
 1977 1 2 3 0 2 1 -1 75  3.03221 1.8008 2.2714 2.60046 2.52775 2.37125 2.28819 2.13344 1.93235 1.73732 1.56053 1.40688 1.27099 1.14882 4.29771 6.45461 0 0 2.01837 2.35883 2.6255 2.53234 2.3704 2.28686 2.1329 1.93276 1.73847 1.56214 1.40873 1.27294 1.15075 4.30592 6.46837 0
 1980 1 2 3 0 2 1 -1 75  2.44006 1.914 3.15283 4.14302 3.11674 2.18041 1.98484 1.82453 1.67315 1.57409 1.44684 1.29959 1.16366 1.0439 3.85558 2.21462 3.49821 0 2.10878 3.2463 4.17204 3.11934 2.17586 1.98049 1.82218 1.67311 1.57603 1.45024 1.30392 1.16849 1.04889 3.87769 2.22879 3.52181
 1983 1 2 3 0 2 1 -1 75  2.30932 2.39406 3.54276 3.72791 3.13248 2.98183 3.1073 2.31051 1.56405 1.32501 1.18838 1.07016 0.985645 0.899662 3.25229 4.64286 0 0 2.60861 3.6558 3.74985 3.12181 2.9638 3.08958 2.30059 1.56178 1.32707 1.19328 1.07717 0.994156 0.90894 3.29548 1.8429 2.87496
 1986 1 2 3 0 2 1 -1 75  3.57914 2.07304 2.7344 3.33091 3.74823 3.62148 3.09021 2.40314 2.10558 1.9988 1.51224 1.02836 0.823693 0.726103 2.66227 1.45195 2.19806 0 0 5.13336 3.33446 3.71782 3.58368 3.059 2.38433 2.09753 1.99805 1.51646 1.03595 0.833618 0.737452 2.72201 3.75866 0
 1989 1 2 3 0 2 1 -1 75  3.91712 4.07041 6.16209 5.62995 3.42906 2.2267 2.00217 1.94614 1.74336 1.40647 1.06784 0.878965 0.772446 3.92989 0 0 0 0 4.41305 6.32718 5.63796 3.39463 2.19307 1.97299 1.9235 1.73007 1.40242 1.07093 0.887424 4.86417 0 0 0 0
 1992 1 2 3 0 2 1 -1 75  3.54792 3.83886 4.07579 4.73529 5.25278 4.96759 3.68037 2.06698 1.20083 0.95756 0.86146 0.739594 0.586461 0.447526 2.1504 0 0 0 4.21257 4.23153 4.71736 5.17469 4.87272 3.60642 2.02818 1.18397 0.950573 0.860869 0.743803 0.593646 0.456237 2.25803 0 0
 1995 1 2 3 0 2 1 -1 75  0 5.58714 3.00024 4.00743 5.32149 4.22987 3.5349 3.45329 3.03796 2.17786 1.2438 0.708922 0.525302 0.451588 2.00362 0 0 0 2.2011 3.08113 3.99974 5.25962 4.16654 3.47189 3.39017 2.98537 2.14447 1.22921 0.705573 0.527479 0.456986 2.09732 0 0
 1998 1 2 3 0 2 1 -1 75  8.11703 4.29865 4.14788 4.67635 3.16041 2.26586 2.36851 2.64621 2.14496 1.6784 1.51493 1.27485 0.910592 2.05656 0 0 0 0 4.87353 4.3157 4.67939 3.13608 2.23412 2.33208 2.6061 2.11456 1.65804 1.50007 1.26566 3.02345 0 0 0 0
 2001 1 2 3 0 2 1 -1 75  2.79735 1.85844 4.68178 8.5376 6.43267 3.3565 2.51636 1.66899 1.10258 1.04639 1.06479 0.888897 0.689252 0.584881 1.63221 0 0 0 2.04551 4.74213 8.51608 6.38359 3.31428 2.47903 1.64479 1.089 1.03675 1.0577 0.88513 0.688726 0.586456 1.67215 0 0

4 #_N_MeanSize-at-Age_obs
#Yr Seas Flt/Svy Gender Part Ageerr Ignore datavector(female-male)
#                                          samplesize(female-male)
 1971 1 1 3 0 1 2 30.9179 39.0851 44.4019 48.7742 52.3728 55.37 57.8977 60.0488 61.8895 63.4696 64.8279 65.9961 67.001 67.865 69.6226 71.4875 72.6884 31.977 39.9944 45.1139 49.2805 52.6839 55.4972 57.8494 59.8324 61.512 62.9387 64.1521 65.1845 66.0632 66.8109 68.2995 69.829 70.7491
 20 20 20 20 20 20 20 20 20 20 20 20 20 20 20 20 20 20 20 20 20 20 20 20 20 20 20 20 20 20 20 20 20 20
 1995 1 1 3 0 1 2 31.9071 39.0851 44.4019 48.7742 52.3728 55.37 57.8977 60.0488 61.8895 63.4696 64.8279 65.9961 67.001 67.865 69.5097 71.4514 72.6637 32.9657 39.9944 45.1139 49.2805 52.6839 55.4972 57.8494 59.8324 61.512 62.9387 64.1521 65.1845 66.0632 66.8109 68.2115 69.802 70.732
 20 20 20 20 20 20 20 20 20 20 20 20 20 20 20 20 20 20 20 20 20 20 20 20 20 20 20 20 20 20 20 20 20 20
 1971 1 2 3 0 1 2 34.178 39.0795 43.0706 46.8787 50.3797 53.4818 56.1795 58.5065 60.5067 62.2236 63.6966 64.9596 66.0426 66.9709 68.8401 70.8296 72.0985 34.9548 39.7262 43.6548 47.3531 50.6952 53.6162 56.1275 58.2716 60.0962 61.647 62.9642 64.0826 65.032 65.838 67.4283 69.069 70.0479
 20 20 20 20 20 20 20 20 20 20 20 20 20 20 20 20 20 20 20 20 20 20 20 20 20 20 20 20 20 20 20 20 20 20
 1995 1 2 3 0 1 2 34.3521 39.0795 43.0706 46.8787 50.3797 53.4818 56.1795 58.5065 60.5067 62.2236 63.6966 64.9596 66.0426 66.9709 68.7189 70.7913 72.0724 35.1576 39.7262 43.6548 47.3531 50.6952 53.6162 56.1275 58.2716 60.0962 61.647 62.9642 64.0826 65.032 65.838 67.3332 69.0402 70.0297
 20 20 20 20 20 20 20 20 20 20 20 20 20 20 20 20 20 20 20 20 20 20 20 20 20 20 20 20 20 20 20 20 20 20

0 #_N_environ_variables
0 #_N_environ_obs
0 # N sizefreq methods to read 

0 # no tag data 

0 # no morphcomp data 

999

#_bootstrap file: 1
1971 #_styr
2001 #_endyr
1 #_nseas
 12 #_months/season
1 #_spawn_seas
1 #_Nfleet
2 #_Nsurveys
1 #_N_areas
FISHERY1%SURVEY1%SURVEY2
 0.5 0.5 0.5 #_surveytiming_in_season
 1 1 1 #_area_assignments_for_each_fishery_and_survey
 1 #_units of catch:  1=bio; 2=num
 0.01 #_se of log(catch) only used for init_eq_catch and for Fmethod 2 and 3; use -1 for discard only fleets
2 #_Ngenders
40 #_Nages
0  #_init_equil_catch_for_each_fishery
31 #_N_lines_of_catch_to_read
#_catch_biomass(mtons):_columns_are_fisheries,year,season
0 1971 1
199.656 1972 1
1000.54 1973 1
1017.12 1974 1
1966.57 1975 1
2968.25 1976 1
3944.5 1977 1
5014.51 1978 1
5940.96 1979 1
7957.94 1980 1
9992.81 1981 1
9967.12 1982 1
9868.66 1983 1
9996.76 1984 1
10056 1985 1
9982.08 1986 1
10122.2 1987 1
8943.45 1988 1
7961.03 1989 1
6940.93 1990 1
5974.93 1991 1
3954.28 1992 1
3959.52 1993 1
4029.92 1994 1
3938.53 1995 1
3957.82 1996 1
2980.63 1997 1
3001.2 1998 1
2974.63 1999 1
2996.79 2000 1
3018.91 2001 1
#
21 #_N_cpue_and_surveyabundance_observations
#_Units:  0=numbers; 1=biomass; 2=F
#_Errtype:  -1=normal; 0=lognormal; >0=T
#_Fleet Units Errtype
1 1 0
2 1 0
3 0 0
#_year seas index obs err
1977 1 2 148327 0.3 #_orig_obs: 339689 SURVEY1
1980 1 2 112936 0.3 #_orig_obs: 193353 SURVEY1
1983 1 2 86409.5 0.3 #_orig_obs: 151984 SURVEY1
1986 1 2 60349.7 0.3 #_orig_obs: 55221.8 SURVEY1
1989 1 2 60496.3 0.3 #_orig_obs: 59232.3 SURVEY1
1992 1 2 27089.5 0.3 #_orig_obs: 31137.5 SURVEY1
1995 1 2 48633.1 0.3 #_orig_obs: 35845.4 SURVEY1
1998 1 2 42775.6 0.3 #_orig_obs: 27492.6 SURVEY1
2001 1 2 28602.1 0.3 #_orig_obs: 37338.3 SURVEY1
1990 1 3 14.3169 0.7 #_orig_obs: 5.19333 SURVEY2
1991 1 3 2.33582 0.7 #_orig_obs: 1.1784 SURVEY2
1992 1 3 2.7346 0.7 #_orig_obs: 5.94383 SURVEY2
1993 1 3 1.51551 0.7 #_orig_obs: 0.770106 SURVEY2
1994 1 3 8.52146 0.7 #_orig_obs: 16.318 SURVEY2
1995 1 3 3.25908 0.7 #_orig_obs: 1.36339 SURVEY2
1996 1 3 5.21853 0.7 #_orig_obs: 4.76482 SURVEY2
1997 1 3 13.7109 0.7 #_orig_obs: 51.0707 SURVEY2
1998 1 3 2.20841 0.7 #_orig_obs: 1.36095 SURVEY2
1999 1 3 3.00921 0.7 #_orig_obs: 0.862531 SURVEY2
2000 1 3 3.48536 0.7 #_orig_obs: 5.97125 SURVEY2
2001 1 3 3.37786 0.7 #_orig_obs: 1.69379 SURVEY2

0 #_N_fleets_with_discard
#_discard_units (1=same_as_catchunits(bio/num); 2=fraction; 3=numbers)
#_discard_errtype:  >0 for DF of T-dist(read CV below); 0 for normal with CV; -1 for normal with se; -2 for lognormal
#Fleet Disc_units err_type
0 #N discard obs
#_year seas index obs err
#
0 #_N_meanbodywt_obs
30 #_DF_for_meanbodywt_T-distribution_like

2 # length bin method: 1=use databins; 2=generate from binwidth,min,max below; 3=read vector
2 # binwidth for population size comp 
10 # minimum size in the population (lower edge of first bin and size at age 0.00) 
94 # maximum size in the population (lower edge of last bin) 

0 #_comp_tail_compression
1e-007 #_add_to_comp
0 #_combine males into females at or below this bin number
25 #_N_LengthBins
 26 28 30 32 34 36 38 40 42 44 46 48 50 52 54 56 58 60 62 64 68 72 76 80 90
40 #_N_Length_obs
#Yr Seas Flt/Svy Gender Part Nsamp datavector(female-male)
 1971 1 1 3 0 125  0 0 0 0 0 0 0 0 0 0 1 1 1 5 4 3 4 6 7 13 5 4 8 0 0 0 0 0 0 0 0 0 0 3 2 2 2 2 2 5 3 2 5 4 13 7 6 5 0 0
 1972 1 1 3 0 125  0 0 0 0 0 0 0 0 0 2 2 0 2 4 1 3 3 9 4 6 9 11 5 3 0 0 0 0 0 0 0 0 0 5 0 1 1 6 2 4 4 3 8 4 7 5 8 3 0 0
 1973 1 1 3 0 125  0 0 0 0 0 0 0 0 0 0 0 0 10 1 3 6 5 7 1 8 10 6 7 0 0 0 0 0 0 0 0 0 0 0 0 0 2 4 3 3 1 8 3 6 13 11 1 4 2 0
 1974 1 1 3 0 125  0 0 0 0 0 0 0 0 0 4 0 4 1 1 2 4 3 5 4 10 11 7 6 0 0 0 0 0 0 0 0 0 1 0 0 1 4 2 2 3 5 6 4 8 8 9 4 5 1 0
 1975 1 1 3 0 125  0 0 0 0 0 0 0 1 0 1 2 1 1 4 3 1 7 6 4 11 13 5 7 0 0 0 0 0 0 0 0 0 0 0 5 0 3 0 2 2 2 5 8 3 7 10 7 4 0 0
 1976 1 1 3 0 125  0 0 0 0 0 0 0 0 0 2 2 2 3 2 1 2 5 5 4 13 10 8 3 4 0 0 0 0 0 0 0 3 0 0 2 0 1 3 3 2 2 8 1 3 13 10 5 3 0 0
 1977 1 1 3 0 125  0 0 0 0 0 0 0 2 0 0 1 2 2 3 3 8 3 7 5 6 2 9 6 4 0 0 0 0 0 0 0 0 0 0 1 0 1 2 2 3 4 2 7 9 13 7 6 5 0 0
 1978 1 1 3 0 125  0 0 0 0 0 0 3 0 2 1 2 2 2 2 1 4 6 4 3 12 10 4 3 4 0 0 0 0 0 0 0 0 1 2 0 0 1 3 3 5 4 4 3 5 12 8 6 3 0 0
 1979 1 1 3 0 125  0 0 0 0 0 0 0 0 0 0 10 2 2 3 3 1 4 2 6 10 7 5 4 0 0 0 0 0 0 0 0 0 0 7 3 4 3 1 3 1 2 0 9 4 10 11 3 5 0 0
 1980 1 1 3 0 125  0 0 0 0 0 0 0 3 1 0 1 3 3 4 2 1 4 2 3 5 6 9 3 4 0 0 0 0 0 0 0 0 0 2 0 0 4 0 5 2 5 9 4 2 18 9 7 4 0 0
 1981 1 1 3 0 125  0 0 0 0 0 0 0 0 1 1 1 1 3 4 3 1 4 4 3 7 8 7 8 0 0 0 0 0 0 0 2 1 1 1 0 0 0 1 3 4 3 9 7 4 10 13 4 6 0 0
 1982 1 1 3 0 125  0 0 0 0 0 0 0 0 0 2 1 3 1 2 7 3 6 6 8 9 7 8 0 0 0 0 0 0 0 0 0 0 1 2 1 1 0 6 2 3 4 5 3 4 12 6 8 4 0 0
 1983 1 1 3 0 125  0 0 0 0 0 0 0 0 0 0 4 1 3 6 3 2 4 6 4 9 10 9 8 0 0 0 0 0 0 0 0 0 0 0 1 1 0 2 4 4 5 1 4 6 8 9 7 4 0 0
 1984 1 1 3 0 125  0 0 0 0 0 0 2 1 2 2 3 3 4 1 9 8 3 2 4 8 12 8 7 0 0 0 0 0 0 0 0 0 0 1 0 0 1 2 3 5 4 2 4 4 6 7 4 3 0 0
 1985 1 1 3 0 125  0 0 0 0 0 0 0 0 1 0 3 3 6 3 6 4 6 6 1 8 8 6 2 4 0 0 0 0 0 0 0 0 3 0 0 2 1 2 6 3 6 6 4 6 4 9 5 1 0 0
 1986 1 1 3 0 125  0 0 0 2 0 0 0 0 0 1 1 3 2 2 2 3 8 5 6 5 8 1 9 0 0 0 0 0 0 0 1 1 1 0 0 2 2 2 4 5 2 1 10 7 13 6 5 5 0 0
 1987 1 1 3 0 125  0 0 0 0 2 0 1 3 1 2 1 4 3 6 3 4 5 7 4 9 2 7 4 0 0 0 0 0 0 0 0 0 2 2 1 4 2 4 3 0 3 7 5 5 8 7 3 1 0 0
 1988 1 1 3 0 125  0 0 0 0 0 3 0 1 1 1 3 1 2 2 4 2 4 4 10 10 5 4 11 0 0 0 0 0 0 0 1 1 3 3 3 0 3 2 4 3 2 8 4 3 4 4 9 0 0 0
 1989 1 1 3 0 125  0 0 0 0 0 2 1 0 2 2 1 2 3 4 2 3 4 2 12 10 6 7 3 0 0 0 0 0 0 0 0 2 1 4 4 3 2 1 3 9 4 4 3 6 4 6 2 1 0 0
 1990 1 1 3 0 125  0 0 0 0 0 0 0 2 2 3 5 5 3 3 5 2 6 1 3 3 9 1 4 0 0 0 0 0 0 0 2 0 0 2 2 6 4 3 2 4 8 4 7 6 8 7 3 0 0 0
 1991 1 1 3 0 125  0 0 0 0 0 0 0 3 1 2 3 2 2 4 3 8 7 5 1 5 4 5 0 0 0 0 0 0 0 2 1 2 0 2 1 3 2 8 7 5 7 3 3 5 11 6 2 0 0 0
 1992 1 1 3 0 125  0 0 0 0 0 2 0 3 3 1 3 2 3 2 4 4 4 3 6 9 2 7 0 0 0 0 0 0 0 0 0 0 4 1 1 0 4 1 6 4 5 7 10 4 9 6 5 0 0 0
 1993 1 1 3 0 125  0 0 0 0 0 0 3 0 1 1 4 3 2 4 3 4 4 6 5 6 3 2 0 0 0 0 0 0 0 0 0 0 3 2 3 1 3 8 4 9 8 7 5 4 7 4 5 1 0 0
 1994 1 1 3 0 125  0 0 0 0 0 0 0 0 0 5 1 4 1 2 1 5 4 6 6 7 6 1 2 0 0 0 0 0 0 0 0 0 1 3 2 2 4 3 5 3 4 10 11 5 13 3 3 2 0 0
 1995 1 1 3 0 125  0 0 0 0 0 0 0 1 0 3 1 1 3 4 4 5 7 7 7 7 9 0 0 0 0 0 0 0 0 2 2 1 0 0 1 4 1 2 9 8 11 3 4 6 6 5 1 0 0 0
 1996 1 1 3 0 125  0 0 0 0 1 0 0 1 1 0 1 0 2 4 6 9 7 4 2 9 4 4 0 0 0 0 0 0 0 0 0 4 0 0 1 3 2 2 1 7 5 11 3 4 14 6 5 2 0 0
 1997 1 1 3 0 125  0 0 0 3 1 0 0 0 4 1 0 2 6 2 1 5 6 4 7 10 8 0 0 0 0 0 0 0 0 0 6 1 1 3 2 2 1 5 3 4 4 7 1 4 12 4 5 0 0 0
 1998 1 1 3 0 125  0 0 0 0 4 0 2 1 3 8 2 0 3 2 4 7 3 4 2 11 7 6 2 0 0 0 0 0 0 2 0 0 5 0 1 2 2 2 3 5 3 4 5 6 10 4 0 0 0 0
 1999 1 1 3 0 125  0 0 0 0 1 1 0 4 0 1 0 5 3 5 4 3 5 2 3 7 6 3 0 0 0 0 0 0 0 0 0 6 1 3 3 3 6 4 6 5 4 4 5 7 3 7 5 0 0 0
 2000 1 1 3 0 125  0 0 0 0 0 2 0 1 0 4 3 6 2 3 5 2 4 2 5 9 7 0 0 0 0 0 0 0 0 0 0 1 2 2 3 6 2 5 4 7 2 8 5 7 7 5 2 2 0 0
 2001 1 1 3 0 125  0 0 0 0 0 2 0 0 2 1 7 1 7 6 6 4 3 3 2 8 3 3 0 0 0 0 0 0 0 0 4 1 1 3 2 1 6 5 6 2 5 4 7 5 4 5 6 0 0 0
 1977 1 2 3 0 125  0 0 0 0 1 4 1 5 4 3 4 1 0 3 3 3 6 2 3 7 5 8 0 0 0 0 0 0 0 0 0 3 1 3 2 2 5 5 4 4 3 6 1 5 8 5 3 2 0 0
 1980 1 2 3 0 125  0 0 0 0 2 0 1 1 5 4 4 4 5 2 6 1 2 5 3 4 3 7 4 1 0 0 0 0 0 1 1 0 1 2 5 5 10 2 3 3 6 1 2 6 6 2 3 2 0 0
 1983 1 2 3 0 125  0 0 0 0 2 7 3 3 2 5 3 2 1 2 5 5 1 6 6 4 7 6 0 0 0 0 0 0 0 2 2 3 3 1 3 3 3 1 0 2 4 3 6 3 6 10 0 0 0 0
 1986 1 2 3 0 125  0 0 0 0 2 0 4 3 2 4 5 3 1 4 2 11 4 2 3 10 3 4 3 0 0 0 0 0 2 1 1 1 0 2 0 3 3 5 6 2 7 3 3 3 4 3 6 0 0 0
 1989 1 2 3 0 125  0 0 0 0 0 1 2 5 4 9 6 3 4 2 1 0 1 10 3 3 3 1 0 0 0 0 0 0 0 2 3 3 5 5 1 5 5 5 5 1 5 3 4 3 12 0 0 0 0 0
 1992 1 2 3 0 125  0 0 0 0 0 7 4 4 3 3 3 6 4 8 4 4 4 4 3 4 3 0 0 0 0 0 0 0 0 0 6 0 4 4 2 4 5 4 8 5 5 6 0 2 0 1 1 0 0 0
 1995 1 2 3 0 125  0 0 0 0 0 1 3 4 1 6 5 3 6 5 4 5 2 5 3 4 2 1 0 0 0 0 0 0 0 2 0 6 0 2 4 3 4 6 7 6 2 5 4 4 6 3 1 0 0 0
 1998 1 2 3 0 125  0 0 0 4 4 6 4 4 4 3 3 6 2 2 3 2 2 5 2 2 2 2 0 0 0 0 0 0 0 3 7 4 5 1 5 2 8 2 4 5 4 0 6 1 3 1 2 0 0 0
 2001 1 2 3 0 125  0 0 0 0 0 5 1 3 5 0 1 7 9 5 5 5 4 2 2 3 5 0 0 0 0 0 0 0 0 1 0 3 2 5 4 6 4 5 9 4 3 2 1 2 4 8 0 0 0 0

17 #_N_age_bins
 1 2 3 4 5 6 7 8 9 10 11 12 13 14 15 20 25
2 #_N_ageerror_definitions
 0.5 1.5 2.5 3.5 4.5 5.5 6.5 7.5 8.5 9.5 10.5 11.5 12.5 13.5 14.5 15.5 16.5 17.5 18.5 19.5 20.5 21.5 22.5 23.5 24.5 25.5 26.5 27.5 28.5 29.5 30.5 31.5 32.5 33.5 34.5 35.5 36.5 37.5 38.5 39.5 40.5
 0.001 0.001 0.001 0.001 0.001 0.001 0.001 0.001 0.001 0.001 0.001 0.001 0.001 0.001 0.001 0.001 0.001 0.001 0.001 0.001 0.001 0.001 0.001 0.001 0.001 0.001 0.001 0.001 0.001 0.001 0.001 0.001 0.001 0.001 0.001 0.001 0.001 0.001 0.001 0.001 0.001
 0.5 1.5 2.5 3.5 4.5 5.5 6.5 7.5 8.5 9.5 10.5 11.5 12.5 13.5 14.5 15.5 16.5 17.5 18.5 19.5 20.5 21.5 22.5 23.5 24.5 25.5 26.5 27.5 28.5 29.5 30.5 31.5 32.5 33.5 34.5 35.5 36.5 37.5 38.5 39.5 40.5
 0.5 0.65 0.67 0.7 0.73 0.76 0.8 0.84 0.88 0.92 0.97 1.03 1.09 1.16 1.23 1.32 1.41 1.51 1.62 1.75 1.89 2.05 2.23 2.45 2.71 3 3 3 3 3 3 3 3 3 3 3 3 3 3 3 3
40 #_N_Agecomp_obs
1 #_Lbin_method: 1=poplenbins; 2=datalenbins; 3=lengths
1 #_combine males into females at or below this bin number
#Yr Seas Flt/Svy Gender Part Ageerr Lbin_lo Lbin_hi Nsamp datavector(female-male)
 1971 1 1 3 0 2 1 -1 75  0 0 0 0 7 2 2 5 1 2 1 4 0 0 5 1 6 0 0 1 1 2 1 1 3 0 0 0 5 1 4 4 8 8
 1972 1 1 3 0 2 1 -1 75  0 0 0 3 1 2 2 2 1 1 2 1 4 2 10 1 9 0 0 1 1 1 1 2 1 1 1 0 1 1 0 11 7 5
 1973 1 1 3 0 2 1 -1 75  0 0 1 1 3 1 1 4 3 2 2 5 4 2 3 4 2 0 0 0 7 0 2 3 1 1 3 1 1 1 2 6 5 4
 1974 1 1 3 0 2 1 -1 75  0 0 2 0 2 2 2 1 3 0 2 3 2 0 4 6 8 0 0 5 4 3 1 3 2 0 2 1 0 2 4 3 3 5
 1975 1 1 3 0 2 1 -1 75  0 0 0 0 2 3 3 2 2 2 1 1 2 2 8 2 7 0 0 0 0 4 2 3 5 3 0 2 1 0 3 6 2 7
 1976 1 1 3 0 2 1 -1 75  0 0 3 1 0 1 1 2 6 4 1 4 2 5 4 5 5 0 0 0 0 8 2 0 3 2 2 1 0 4 1 5 3 0
 1977 1 1 3 0 2 1 -1 75  0 0 0 0 6 2 2 2 3 1 1 0 2 2 4 7 4 0 0 0 1 3 4 4 1 3 2 1 3 2 0 6 5 4
 1978 1 1 3 0 2 1 -1 75  0 0 2 2 1 6 3 1 1 1 0 3 1 1 5 4 9 0 0 5 0 0 3 0 0 1 2 1 1 2 1 9 6 4
 1979 1 1 3 0 2 1 -1 75  1 4 1 1 0 1 5 0 3 0 2 0 1 2 6 11 0 0 0 3 3 0 2 6 2 0 2 4 1 2 0 6 3 3
 1980 1 1 3 0 2 1 -1 75  0 0 2 2 1 2 1 1 3 4 2 0 4 0 10 8 0 0 0 0 2 1 1 2 1 1 1 3 2 4 3 6 2 6
 1981 1 1 3 0 2 1 -1 75  0 2 1 1 3 2 2 1 4 4 1 1 2 3 6 2 4 0 0 2 2 4 4 1 1 3 2 1 1 0 0 5 2 8
 1982 1 1 3 0 2 1 -1 75  0 1 0 1 1 3 2 0 1 3 0 3 1 2 8 5 5 0 0 0 0 8 3 2 2 1 2 2 2 4 1 2 10 0
 1983 1 1 3 0 2 1 -1 75  0 0 0 1 3 1 1 3 1 4 4 1 4 1 4 6 9 0 0 1 5 3 4 2 2 1 2 1 1 2 1 3 1 3
 1984 1 1 3 0 2 1 -1 75  0 0 0 4 2 1 1 5 10 2 0 2 2 2 4 3 5 0 0 2 3 2 1 3 2 3 3 1 0 1 6 1 2 2
 1985 1 1 3 0 2 1 -1 75  0 0 0 8 2 2 6 0 4 4 1 2 2 2 1 5 1 0 0 0 7 0 3 4 1 6 1 1 0 1 0 4 4 3
 1986 1 1 3 0 2 1 -1 75  0 3 1 2 1 3 1 1 1 1 5 1 1 0 6 3 4 0 0 0 0 4 3 6 2 4 1 1 4 3 0 6 7 0
 1987 1 1 3 0 2 1 -1 75  0 2 2 0 3 3 1 2 2 6 4 0 1 0 7 8 0 0 0 4 2 1 4 2 2 1 3 1 2 1 0 6 4 1
 1988 1 1 3 0 2 1 -1 75  0 3 0 6 0 4 4 4 1 2 2 1 2 2 2 6 0 0 2 3 2 0 0 3 4 1 2 3 6 3 1 3 3 0
 1989 1 1 3 0 2 1 -1 75  0 7 4 3 2 3 2 1 2 2 1 2 3 2 3 1 0 0 0 4 6 3 1 4 2 3 3 2 2 0 2 2 3 0
 1990 1 1 3 0 2 1 -1 75  0 0 4 2 3 6 2 1 1 4 0 1 1 1 2 6 0 0 2 5 5 3 1 1 6 2 2 1 2 5 1 1 4 0
 1991 1 1 3 0 2 1 -1 75  0 0 9 4 5 4 2 3 2 2 1 2 2 0 3 1 0 0 2 4 2 6 8 2 1 0 2 1 2 1 0 1 3 0
 1992 1 1 3 0 2 1 -1 75  0 0 3 4 9 6 4 3 2 1 0 0 0 0 2 1 0 0 0 5 1 9 2 5 7 0 1 0 2 1 1 5 1 0
 1993 1 1 3 0 2 1 -1 75  0 0 1 3 7 8 5 5 5 1 1 0 3 4 0 0 0 0 0 2 0 3 6 6 4 1 1 4 0 0 1 4 0 0
 1994 1 1 3 0 2 1 -1 75  0 0 4 2 3 6 7 2 3 3 2 2 1 2 1 1 1 0 0 0 7 6 5 4 4 3 2 0 2 2 0 0 0 0
 1995 1 1 3 0 2 1 -1 75  2 0 1 1 8 5 9 6 3 1 2 0 0 4 0 0 0 0 0 0 3 4 6 1 3 6 3 2 0 0 2 0 2 1
 1996 1 1 3 0 2 1 -1 75  0 0 4 1 1 5 3 4 7 3 4 2 2 2 1 1 0 0 2 1 2 2 6 3 1 4 3 2 2 3 2 2 0 0
 1997 1 1 3 0 2 1 -1 75  0 2 1 1 1 5 5 2 4 3 2 1 3 0 3 0 0 0 0 0 3 6 3 3 4 3 5 5 3 1 6 0 0 0
 1998 1 1 3 0 2 1 -1 75  5 2 4 3 2 2 3 5 4 4 3 2 0 1 1 0 0 0 0 3 3 1 2 4 2 4 1 4 2 2 3 3 0 0
 1999 1 1 3 0 2 1 -1 75  3 2 4 3 1 1 4 3 1 2 2 1 0 0 7 0 0 0 1 3 7 4 2 2 4 4 3 3 2 1 1 4 0 0
 2000 1 1 3 0 2 1 -1 75  0 2 8 4 3 0 2 2 3 3 1 0 1 3 7 0 0 0 0 4 1 5 8 1 5 2 2 2 0 2 2 2 0 0
 2001 1 1 3 0 2 1 -1 75  0 4 3 6 8 3 5 2 3 2 0 2 4 2 2 0 0 0 0 4 5 4 3 2 4 0 1 0 0 2 1 3 0 0
 1977 1 2 3 0 2 1 -1 75  3 9 3 0 1 3 1 1 1 2 1 1 4 2 3 4 0 0 1 1 3 4 1 2 1 2 1 0 2 2 2 7 7 0
 1980 1 2 3 0 2 1 -1 75  4 1 4 6 3 3 2 1 0 3 0 1 1 1 3 2 3 0 4 5 5 3 1 2 2 1 2 1 0 0 2 5 1 3
 1983 1 2 3 0 2 1 -1 75  4 7 2 4 1 1 6 2 1 0 0 2 0 0 2 4 0 0 3 4 6 0 4 2 0 4 2 0 3 0 1 4 1 5
 1986 1 2 3 0 2 1 -1 75  4 2 6 4 3 2 1 4 1 0 0 0 1 1 2 1 1 0 0 6 5 4 5 3 4 2 4 1 0 1 3 1 3 0
 1989 1 2 3 0 2 1 -1 75  4 2 6 6 5 4 1 1 3 2 3 1 1 3 0 0 0 0 4 7 9 4 1 1 1 1 1 2 1 1 0 0 0 0
 1992 1 2 3 0 2 1 -1 75  3 7 5 2 1 8 7 1 1 0 0 1 0 2 4 0 0 0 1 5 3 4 6 1 5 2 0 2 1 0 0 3 0 0
 1995 1 2 3 0 2 1 -1 75  0 6 3 3 9 3 1 7 3 2 1 1 0 0 3 0 0 0 2 1 2 9 3 2 4 2 1 2 0 1 1 3 0 0
 1998 1 2 3 0 2 1 -1 75  7 5 1 1 6 4 6 6 3 1 1 2 1 1 0 0 0 0 2 0 3 6 4 3 1 2 2 2 1 4 0 0 0 0
 2001 1 2 3 0 2 1 -1 75  2 2 4 8 4 4 4 3 0 1 2 0 2 1 0 0 0 0 4 5 13 8 3 1 0 1 0 1 1 1 0 0 0 0

4 #_N_MeanSize-at-Age_obs
#Yr Seas Flt/Svy Gender Part Ageerr Ignore datavector(female-male)
#                                          samplesize(female-male)
 1971 1 1 3 0 1 2 30.2741 38.6904 45.3192 48.9058 52.5859 53.7662 56.8298 60.6279 63.9971 64.9457 63.5657 67.6793 67.2649 67.9728 70.6513 73.8539 72.9801 31.3614 39.738 44.8746 50.3321 51.406 52.7531 58.1842 62.0938 62.3253 62.258 66.7384 62.9943 65.8803 65.9999 69.2679 67.5306 71.3144
 20 20 20 20 20 20 20 20 20 20 20 20 20 20 20 20 20 20 20 20 20 20 20 20 20 20 20 20 20 20 20 20 20 20
 1995 1 1 3 0 1 2 31.9061 39.3697 43.0044 49.1426 51.2013 55.082 58.1672 59.9621 63.2468 64.207 63.5065 64.6856 65.0126 69.8207 72.6919 71.6845 72.048 33.299 40.1962 45.7675 51.4683 53.3442 54.8523 54.4983 60.8536 62.73 60.7959 64.4842 64.8735 67.229 66.17 70.66 70.8327 70.5184
 20 20 20 20 20 20 20 20 20 20 20 20 20 20 20 20 20 20 20 20 20 20 20 20 20 20 20 20 20 20 20 20 20 20
 1971 1 2 3 0 1 2 33.6404 38.4649 42.5375 46.6932 50.2199 53.261 57.3082 56.1501 62.2008 62.8546 62.2874 68.0754 65.6973 67.4806 65.0782 70.2139 73.432 34.4428 40.2466 43.1385 46.4641 51.2587 53.0277 55.8248 55.0721 58.1042 62.2411 61.0881 65.119 63.7992 63.7656 67.7025 67.6791 70.6773
 20 20 20 20 20 20 20 20 20 20 20 20 20 20 20 20 20 20 20 20 20 20 20 20 20 20 20 20 20 20 20 20 20 20
 1995 1 2 3 0 1 2 34.8694 38.4395 42.5093 45.6237 52.9676 52.5933 57.957 59.6775 62.8673 63.3561 63.5333 66.534 66.4243 67.6301 69.2166 71.3814 73.8581 34.7576 39.4717 44.2262 48.1576 50.9103 53.5802 55.817 55.6228 60.8179 62.0652 62.4989 62.071 65.8517 65.9586 65.8397 67.8827 68.7438
 20 20 20 20 20 20 20 20 20 20 20 20 20 20 20 20 20 20 20 20 20 20 20 20 20 20 20 20 20 20 20 20 20 20

0 #_N_environ_variables
0 #_N_environ_obs
0 # N sizefreq methods to read 

0 # no tag data 

0 # no morphcomp data 

999

ENDDATA
