function_type; change_tv
param; Age_K_Fem_GP_1_a_1 
dev; c(-0.00209710814086669, -0.0014715974426308, -0.000890375681015256, 0, 0, 0, 0, 0, 0, 0, 0, 0, 0, 0, 0, 0, 0, 0, 0, 0, 0, 0, 0, 0, 0, 0, 0, 0, 0, 0, 0)
function_type; change_tv
param; Age_K_Fem_GP_1_a_2
dev; c(0, -0.00209625131668183, -0.00146193729965097, 0, 0, 0, 0, 0, 0, 0, 0, 0, 0, 0, 0, 0, 0, 0, 0, 0, 0, 0, 0, 0, 0, 0, 0, 0, 0, 0)
function_type; change_tv
param; Age_K_Fem_GP_1_a_3
dev; c(0, 0, -0.00209831292949797, 0, 0, 0, 0, 0, 0, 0, 0, 0, 0, 0, 0, 0, 0, 0, 0, 0, 0, 0, 0, 0, 0, 0, 0, 0, 0)
function_type; change_tv
param; Age_K_Mal_GP_1_a_1
dev; c(-0.00209710814086669, -0.0014715974426308, -0.000890375681015256, 0, 0, 0, 0, 0, 0, 0, 0, 0, 0, 0, 0, 0, 0, 0, 0, 0, 0, 0, 0, 0, 0, 0, 0, 0, 0, 0, 0)
function_type; change_tv
param; Age_K_Mal_GP_1_a_2
dev; c(0, -0.00209625131668183, -0.00146193729965097, 0, 0, 0, 0, 0, 0, 0, 0, 0, 0, 0, 0, 0, 0, 0, 0, 0, 0, 0, 0, 0, 0, 0, 0, 0, 0, 0)
function_type; change_tv
param; Age_K_Mal_GP_1_a_3
dev; c(0, 0, -0.00209831292949797, 0, 0, 0, 0, 0, 0, 0, 0, 0, 0, 0, 0, 0, 0, 0, 0, 0, 0, 0, 0, 0, 0, 0, 0, 0, 0)
