function_type; change_tv
param; Age_K_Fem_GP_1_a_1 
dev; c(-0.00209723395819775, -0.00147169461583292, 0, 0, 0, 0, 0, 0, 0, 0, 0, 0, 0, 0, 0, 0, 0, 0, 0, 0, 0, 0, 0, 0, 0, 0, 0, 0, 0, 0, 0)
function_type; change_tv
param; Age_K_Fem_GP_1_a_2
dev; c(0, -0.00209645783803239, 0, 0, 0, 0, 0, 0, 0, 0, 0, 0, 0, 0, 0, 0, 0, 0, 0, 0, 0, 0, 0, 0, 0, 0, 0, 0, 0, 0)
function_type; change_tv
param; Age_K_Mal_GP_1_a_1
dev; c(-0.00209723395819775, -0.00147169461583292, 0, 0, 0, 0, 0, 0, 0, 0, 0, 0, 0, 0, 0, 0, 0, 0, 0, 0, 0, 0, 0, 0, 0, 0, 0, 0, 0, 0, 0)
function_type; change_tv
param; Age_K_Mal_GP_1_a_2
dev; c(0, -0.00209645783803239, 0, 0, 0, 0, 0, 0, 0, 0, 0, 0, 0, 0, 0, 0, 0, 0, 0, 0, 0, 0, 0, 0, 0, 0, 0, 0, 0, 0)
