function_type; change_tv
change_tv_list; list(Age_K_Fem_GP_1_a_1=c(-0.131162983,-0.045831977,-0.464305919,-0.064436289,-0.010626076,-0.08306102,-0.068035457,-0.027581155,-0.031210274,-0.056578584,0.196857858,0.045275148,0.056413625,-0.019856059,-0.016495952,-0.050451842,-0.246332916,0.023092958,-0.024844077, 0.014992891, 0.019111565,0.012559823,0.27022277,0.012879505,-0.183994096,-0.009206494,0.011372267,0.010311119,0.021218039,0.011174942,0.018411728),
                          Age_K_Fem_GP_1_a_2=c(0.004260884,0.012506679,0.004371662,0.044374865,0.006173719,0.001020837,0.008003196,0.006576924,0.002682947,0.003060324,0.0055707,-0.019455857,-0.00449446,-0.005631074,0.001996039,0.001673963,0.005148419,0.02522518,-0.002366813,0.002539111,-0.001505726,-0.001914093,-0.001259837,-0.027171507,-0.001299957,0.018408191,0.000920887,-0.001139732,-0.001034548,-0.002129565,-0.001074221),
                          Age_K_Fem_GP_1_a_3=c(0,0.003872096,0.011363278,0.003988427,0.040668529,0.005682609,0.000944189,0.007442353,0.006187302,0.002558205,0.002928202,0.005355894,-0.018834531,-0.004388367,-0.005558585,0.001999173,0.001684589,0.005194885,0.025428679,-0.002370514,0.00245803,-0.001465901,-0.001875855,-0.001239582,-0.026900062,-0.001260238,0.017931704,0.000901705,-0.001117035,-0.00101375,-0.001901797),
                          Age_K_Fem_GP_1_a_4=c(0,0,0.003530063,0.010430476,0.003691714,0.037895487,0.005334887,0.000893699,0.007179811,0.006098355,0.002524411,0.00289939,0.005354217,-0.019051703,-0.00450615,-0.00582048,0.002097354,0.001764148,0.005415219,0.02619044,-0.002310838,0.002429476,-0.001480669,-0.001905963,-0.001270827,-0.026579732,-0.00125482,0.018113029,0.000910926,-0.001126812,-0.000870338),
                          Age_K_Fem_GP_1_a_5=c(0,0,0,0.003263566,0.009768899,0.003487791,0.036144527,0.005141183,0.00088415,0.007303512,0.006173973,0.002553401,0.002963823,0.005543875,-0.02004894,-0.00484097,-0.006222275,0.002221234,0.001850494,0.00558166,0.025114181,-0.002271246,0.002487402,-0.001526705,-0.001985816,-0.001256331,-0.026566867,-0.001286832,0.018545608,0.000929601,-0.000914454),
                          Age_K_Fem_GP_1_a_6=c(0,0,0,0,0.003088239,0.009325897,0.003361676,0.035196778,0.005160317,0.000914335,0.007437199,0.006225751,0.002597632,0.003047793,0.005779009,-0.021256531,-0.005055697,-0.006370893,0.002239469,0.001824287,0.005065009,0.023596099,-0.002275911,0.002510393,-0.001556622,-0.001897273,-0.00121537,-0.026731535,-0.001289368,0.018476493,0.000699315),
                          Age_K_Fem_GP_1_a_7=c(0,0,0,0,0,0.002964779,0.009021168,0.003278058,0.035407389,0.005341265,0.00092015,0.007330572,0.006171153,0.002593077,0.003070093,0.005886936,-0.021113471,-0.004871745,-0.006012525,0.002058549,0.00153498,0.004444189,0.022600586,-0.002194203,0.002442485,-0.001406964,-0.001735276,-0.00117196,-0.025599314,-0.001224784,0.012814993),
                          Age_K_Fem_GP_1_a_8=c(0,0,0,0,0,0,0.002864405,0.008758983,0.003280504,0.036347085,0.005267091,0.000879424,0.007022511,0.005930997,0.002503455,0.002980498,0.005525119,-0.019053261,-0.004287068,-0.005138217,0.00160608,0.001254557,0.004043552,0.020683668,-0.00202406,0.002081279,-0.001211117,-0.001593188,-0.001066061,-0.023052492,-0.000789077),
                          Age_K_Fem_GP_1_a_9=c(0,0,0,0,0,0,0,0.002763299,0.008695112,0.003329574,0.035088375,0.004885518,0.000815339,0.006510408,0.005502362,0.002324492,0.002657988,0.004704729,-0.015768807,-0.003438329,-0.003757958,0.00123407,0.001089514,0.0035301,0.018181174,-0.001637533,0.001697859,-0.001063326,-0.00138333,-0.00091497,-0.0139807),
                          Age_K_Fem_GP_1_a_10=c(0,0,0,0,0,0,0,0,0.002721075,0.008729999,0.003155429,0.031737599,0.00440688,0.000733537,0.005844291,0.004925567,0.001988616,0.002159919,0.003706688,-0.012021183,-0.002389183,-0.002748961,0.001031867,0.000915349,0.002983493,0.014107927,-0.001279321,0.001437239,-0.000888954,-0.00114182,-0.000529534),
                          Age_K_Fem_GP_1_a_11=c(0,0,0,0,0,0,0,0,0,0.002707443,0.008151704,0.002797952,0.028017015,0.003872872,0.000641777,0.005084626,0.004080369,0.001558786,0.001638495,0.002717869,-0.00803282,-0.001683245,-0.002232119,0.00084154,0.000750448,0.002241938,0.010661719,-0.00105272,0.001166818,-0.000711952,-0.000637923),
                          Age_K_Fem_GP_1_a_12=c(0,0,0,0,0,0,0,0,0,0,0.002499301,0.007119134,0.002429637,0.024185344,0.003322564,0.000546374,0.00411048,0.003112312,0.001149101,0.001166564,0.001763398,-0.00550165,-0.001336706,-0.001779816,0.000674211,0.000550407,0.001652388,0.008586791,-0.000835854,0.000913373,-0.00038739),
                          Age_K_Fem_GP_1_a_13=c(0,0,0,0,0,0,0,0,0,0,0,0.002157764,0.006105549,0.002069133,0.020443699,0.002782697,0.000433617,0.00307136,0.0022453,0.000800188,0.000740309,0.001182459,-0.004296494,-0.001047918,-0.001401371,0.000485536,0.000398101,0.001309433,0.006704696,-0.000643132,0.00048727),
                          Age_K_Fem_GP_1_a_14=c(0,0,0,0,0,0,0,0,0,0,0,0,0.001833175,0.005146528,0.001729511,0.016910394,0.002177704,0.000318982,0.002179779,0.001537469,0.000499357,0.000488547,0.000911803,-0.003325239,-0.00081429,-0.000995321,0.000346226,0.00031163,0.001009517,0.005091939,-0.000338013),
                          Age_K_Fem_GP_1_a_15=c(0,0,0,0,0,0,0,0,0,0,0,0,0,0.00153322,0.004265205,0.001417083,0.01309297,0.001582986,0.00022357,0.001473585,0.000947269,0.000325572,0.00037311,0.000698779,-0.002558078,-0.000572285,-0.000702122,0.000268507,0.000237946,0.000759132,0.002645923),
                          Age_K_Fem_GP_1_a_16=c(0,0,0,0,0,0,0,0,0,0,0,0,0,0,0.001262296,0.003469185,0.001088177,0.009430222,0.001098842,0.000149646,0.000899,0.000611866,0.000246793,0.000283789,0.000533433,-0.001783243,-0.00040036,-0.000540609,0.000203494,0.000177567,0.000391006),
                          Age_K_Fem_GP_1_a_17=c(0,0,0,0,0,0,0,0,0,0,0,0,0,0,0,0.0010209,0.002646893,0.000778149,0.006496806,0.000729841,9.06E-05,0.000576479,0.000461133,0.000186614,0.000215337,0.00036951,-0.001239495,-0.00030654,-0.000407347,0.000150956,9.08E-05),
                          Age_K_Fem_GP_1_a_18=c(0,0,0,0,0,0,0,0,0,0,0,0,0,0,0,0,0.00077496,0.001882081,0.000532906,0.004288923,0.000439179,5.78E-05,0.000432496,0.000347084,0.000140932,0.000148419,0.000255535,-0.000944862,-0.000229931,-0.000300765,7.68E-05),
                          Age_K_Fem_GP_1_a_19=c(0,0,0,0,0,0,0,0,0,0,0,0,0,0,0,0,0,0.000548554,0.001282837,0.0003501,0.002568378,0.000278754,4.32E-05,0.000324329,0.000261129,9.68E-05,0.000102228,0.000194115,-0.000706159,-0.000169134,-0.000152363),
                          Age_K_Fem_GP_1_a_20=c(0,0,0,0,0,0,0,0,0,0,0,0,0,0,0,0,0,0,0.000372478,0.000839485,0.000208841,0.001624284,0.000207771,3.23E-05,0.000243279,0.000178698,6.64E-05,7.74E-05,0.000144653,-0.000517901,-8.54E-05),
                          Age_K_Fem_GP_1_a_21=c(0,0,0,0,0,0,0,0,0,0,0,0,0,0,0,0,0,0,0,0.000242977,0.000499193,0.000131686,0.001207832,0.00015498,2.42E-05,0.000166049,0.000122364,5.02E-05,5.76E-05,0.000105833,-0.000260713),
                          Age_K_Fem_GP_1_a_22=c(0,0,0,0,0,0,0,0,0,0,0,0,0,0,0,0,0,0,0,0,0.000144111,0.000314015,9.77E-05,0.000899184,0.000115733,1.65E-05,0.000113462,9.23E-05,3.73E-05,4.20E-05,5.32E-05),
                          Age_K_Fem_GP_1_a_23=c(0,0,0,0,0,0,0,0,0,0,0,0,0,0,0,0,0,0,0,0,0,9.05E-05,0.000232695,7.26E-05,0.000670384,7.87E-05,1.12E-05,8.55E-05,6.84E-05,2.72E-05,2.11E-05),
                          Age_K_Fem_GP_1_a_24=c(0,0,0,0,0,0,0,0,0,0,0,0,0,0,0,0,0,0,0,0,0,0,6.70E-05,0.000172724,5.41E-05,0.000455153,5.36E-05,8.44E-06,6.32E-05,4.98E-05,1.36E-05),
                          Age_K_Fem_GP_1_a_25=c(0,0,0,0,0,0,0,0,0,0,0,0,0,0,0,0,0,0,0,0,0,0,0,4.96E-05,0.000128453,3.67E-05,0.000309643,4.03E-05,6.24E-06,4.60E-05,2.49E-05),
                          Age_K_Mal_GP_1_a_1=c(-0.131150268,-0.045830886,-0.464180807,-0.064433874,-0.010626302,-0.083060875,-0.068036061,-0.027582257,-0.031211764,-0.056582737,0.196862321,0.045279046,0.056418015,-0.01985898,-0.016498676,-0.050464064,-0.246486032,0.023094968,-0.024847447,0.01499198,0.019107138,0.012554254,0.269925841,0.012867477,-0.183868245,-0.009197404,0.011363814,0.010306774,0.021210884,0.011168758,0.018391473),
                          Age_K_Mal_GP_1_a_2=c(0.004261396,0.012507594,0.004372322,0.044377555,0.006176795,0.001021563,0.008010331,0.006584722,0.002687386,0.003067308,0.005584814,-0.0195083,-0.004508672,-0.005650688,0.002004193,0.001681925,0.005174986,0.025371336,-0.002379263,0.002552149,-0.00151112,-0.001920657,-0.001263973,-0.027247803,-0.001304161,0.018458738,0.000923234,-0.001143056,-0.001037976,-0.002136737,-0.001073973),
                          Age_K_Mal_GP_1_a_3=c(0,0.003874036,0.011367495,0.003991848,0.040713486,0.005693734,0.000946682,0.007466881,0.006215088,0.002573738,0.0029485,0.005397026,-0.018993104,-0.004429751,-0.005617948,0.00202357,0.001706798,0.005266991,0.025794936,-0.002402416,0.002484884,-0.001480462,-0.00189456,-0.001252243,-0.027173268,-0.001271651,0.018094699,0.000909934,-0.001127719,-0.001023839,-0.001907444),
                          Age_K_Mal_GP_1_a_4=c(0,0,0.00353358,0.010445418,0.003700798,0.038015493,0.005358309,0.000898642,0.007232363,0.006157156,0.002552366,0.002934093,0.005424272,-0.019324231,-0.004577653,-0.005923968,0.002137327,0.001798787,0.005522817,0.026708561,-0.002348457,0.002465654,-0.001503384,-0.001935878,-0.001291464,-0.026954802,-0.001271947,0.018376667,0.000924134,-0.001143527,-0.000875521),
                          Age_K_Mal_GP_1_a_5=c(0,0,0,0.003269837,0.009797199,0.003502077,0.036326924,0.005174297,0.000891563,0.007382158,0.006248924,0.002585997,0.003004154,0.005625264,-0.02036631,-0.004924609,-0.006334357,0.002261741,0.001884123,0.005680731,0.025515077,-0.002302807,0.002524817,-0.001550468,-0.00201753,-0.00127482,-0.026914965,-0.001304868,0.01881709,0.000942929,-0.000920838),
                          Age_K_Mal_GP_1_a_6=c(0,0,0,0,0.003096833,0.009359558,0.003377035,0.035377363,0.005195084,0.000922137,0.007506504,0.006283529,0.002622278,0.003077768,0.005838622,-0.021484354,-0.005110071,-0.00643545,0.002260943,0.001840673,0.005105077,0.023765142,-0.002294325,0.002533328,-0.001571428,-0.001913955,-0.001224497,-0.026935526,-0.001299949,0.018634257,0.000702106),
                          Age_K_Mal_GP_1_a_7=c(0,0,0,0,0,0.002971901,0.009045286,0.003288222,0.035528054,0.00536445,0.000924238,0.007357998,0.006190736,0.002600162,0.003077472,0.005898563,-0.021139299,-0.004871908,-0.006005585,0.002054289,0.001530769,0.004428845,0.022567193,-0.002192847,0.002442904,-0.001407045,-0.001733377,-0.0011711,-0.025574357,-0.001224005,0.012794353),
                          Age_K_Mal_GP_1_a_8=c(0,0,0,0,0,0,0.002866696,0.00876292,0.003281496,0.0363422,0.005264767,0.000878143,0.007003772,0.005908717,0.002491649,0.002963499,0.005487336,-0.018891525,-0.004243997,-0.005079372,0.001586593,0.001238369,0.003996723,0.020482625,-0.002005718,0.002064026,-0.001200131,-0.001578828,-0.00105659,-0.022838653,-0.000782506),
                          Age_K_Mal_GP_1_a_9=c(0,0,0,0,0,0,0,0.002759007,0.008673531,0.003318947,0.034939532,0.004859871,0.000809933,0.006457552,0.005449903,0.002299201,0.002625467,0.004639711,-0.015522105,-0.003378917,-0.003688983,0.001210073,0.001068792,0.003467338,0.017889411,-0.001612644,0.001672284,-0.001047314,-0.00136243,-0.000901176,-0.013788008),
                          Age_K_Mal_GP_1_a_10=c(0,0,0,0,0,0,0,0,0.002709911,0.00868273,0.003135773,0.031496546,0.004368307,0.000726028,0.005774873,0.004859385,0.001959291,0.002124913,0.003640661,-0.011785327,-0.00233916,-0.002686833,0.001007938,0.000894473,0.002918961,0.013832436,-0.001254713,0.001410253,-0.000872241,-0.001120273,-0.000520737),
                          Age_K_Mal_GP_1_a_11=c(0,0,0,0,0,0,0,0,0,0.002690039,0.008091623,0.002775185,0.027750732,0.003831554,0.000633994,0.005015074,0.004019531,0.001533714,0.001609952,0.002666321,-0.007868474,-0.001645395,-0.002178024,0.000820638,0.000732103,0.002190859,0.010435798,-0.001030706,0.001143017,-0.000697434,-0.000626492),
                          Age_K_Mal_GP_1_a_12=c(0,0,0,0,0,0,0,0,0,0,0.002480739,0.007061651,0.002408346,0.023942783,0.003285992,0.000539691,0.004056031,0.003068299,0.001131754,0.001147527,0.001732409,-0.005392222,-0.00130674,-0.001736867,0.00065756,0.000537327,0.001615109,0.008404915,-0.000818477,0.000894913,-0.000380607),
                          Age_K_Mal_GP_1_a_13=c(0,0,0,0,0,0,0,0,0,0,0,0.002142183,0.006058481,0.002052208,0.020256213,0.002755475,0.000429144,0.003038037,0.002219601,0.000790386,0.000730523,0.001164266,-0.00421701,-0.001025899,-0.001369609,0.000474552,0.00038931,0.001281565,0.006571894,-0.000630723,0.000479498),
                          Age_K_Mal_GP_1_a_14=c(0,0,0,0,0,0,0,0,0,0,0,0,0.001822023,0.005114176,0.001718402,0.016792997,0.002163,0.000316851,0.002164845,0.001526293,0.000495439,0.000483759,0.000899937,-0.00327164,-0.000799244,-0.000975911,0.000339355,0.000305439,0.000990423,0.005004139,-0.000333299),
                          Age_K_Mal_GP_1_a_15=c(0,0,0,0,0,0,0,0,0,0,0,0,0,0.001526995,0.004248679,0.001412204,0.013052756,0.001579525,0.000223186,0.001471068,0.000945464,0.00032442,0.000370615,0.000691931,-0.002525366,-0.000563965,-0.000690945,0.000263966,0.00023396,0.000747284,0.002616518),
                          Age_K_Mal_GP_1_a_16=c(0,0,0,0,0,0,0,0,0,0,0,0,0,0,0.001260899,0.003468157,0.001089328,0.009450945,0.001102712,0.000150278,0.000902987,0.000613783,0.00024684,0.000282971,0.000530282,-0.001768593,-0.000396228,-0.000533882,0.000200802,0.000175279,0.000387534),
                          Age_K_Mal_GP_1_a_17=c(0,0,0,0,0,0,0,0,0,0,0,0,0,0,0,0.001023822,0.002659293,0.000783511,0.006551996,0.000737186,9.16E-05,0.000582258,0.000464501,0.00018744,0.000215656,0.000369195,-0.001235136,-0.000304576,-0.000403964,0.000149609,9.03E-05),
                          Age_K_Mal_GP_1_a_18=c(0,0,0,0,0,0,0,0,0,0,0,0,0,0,0,0,0.000781368,0.00190269,0.000540188,0.004355412,0.000446752,5.87E-05,0.000438784,0.000351212,0.000142225,0.000149449,0.000256618,-0.000945555,-0.000229482,-0.000299666,7.67E-05),
                          Age_K_Mal_GP_1_a_19=c(0,0,0,0,0,0,0,0,0,0,0,0,0,0,0,0,0,0.000556727,0.001306036,0.000357469,0.002627643,0.000285339,4.41E-05,0.000330635,0.000265563,9.82E-05,0.00010349,0.000195817,-0.000710035,-0.000169646,-0.000153007),
                          Age_K_Mal_GP_1_a_20=c(0,0,0,0,0,0,0,0,0,0,0,0,0,0,0,0,0,0,0.00038079,0.000861142,0.000214883,0.001672591,0.000213728,3.32E-05,0.000249304,0.000182808,6.78E-05,7.88E-05,0.000146647,-0.000523445,-8.63E-05),
                          Age_K_Mal_GP_1_a_21=c(0,0,0,0,0,0,0,0,0,0,0,0,0,0,0,0,0,0,0,0.000250336,0.000516134,0.000136407,0.001250098,0.000160256,2.49E-05,0.000171201,0.000125904,5.15E-05,5.89E-05,0.000107865,-0.000265691),
                          Age_K_Mal_GP_1_a_22=c(0,0,0,0,0,0,0,0,0,0,0,0,0,0,0,0,0,0,0,0,0.000149685,0.000326912,0.00010177,0.000935628,0.000120333,1.71E-05,0.000117678,9.55E-05,3.84E-05,4.32E-05,5.46E-05),
                          Age_K_Mal_GP_1_a_23=c(0,0,0,0,0,0,0,0,0,0,0,0,0,0,0,0,0,0,0,0,0,9.46E-05,0.000243542,7.61E-05,0.000701503,8.23E-05,1.17E-05,8.91E-05,7.11E-05,2.82E-05,2.18E-05),
                          Age_K_Mal_GP_1_a_24=c(0,0,0,0,0,0,0,0,0,0,0,0,0,0,0,0,0,0,0,0,0,0,7.04E-05,0.000181791,5.70E-05,0.000479392,5.64E-05,8.87E-06,6.63E-05,5.21E-05,1.42E-05),
                          Age_K_Mal_GP_1_a_25=c(0,0,0,0,0,0,0,0,0,0,0,0,0,0,0,0,0,0,0,0,0,0,0,5.25E-05,0.000135988,3.89E-05,0.000328177,4.26E-05,6.59E-06,4.85E-05,2.63E-05))
















